# Step number	Training point count	Average loss	l2 from origin	Honest gradient deviation	Attack gradient deviation	Honest gradient norm	Attack gradient norm	Defense gradient norm	Honest max coordinate	Attack max coordinate	Defense max coordinate	Honest-attack cosine	Honest-defense cosine	Attack-defense cosine
0	0	2.30596748e+00	0.00000000e+00	1.02196396e+00	nan	7.30319023e-01	nan	7.30319023e-01	3.08503285e-02	nan	3.08503285e-02	nan	1.00002897e+00	nan
1	550	2.29189036e+00	7.30322814e-03	9.53770888e-01	nan	6.02768838e-01	nan	6.02768838e-01	2.22530738e-02	nan	2.22530738e-02	nan	1.00001895e+00	nan
2	1100	2.29406946e+00	1.90354344e-02	1.00614333e+00	nan	6.07279658e-01	nan	6.07279658e-01	2.53623184e-02	nan	2.53623184e-02	nan	1.00002098e+00	nan
3	1650	2.28675669e+00	3.47527824e-02	9.76217913e-01	nan	6.04964674e-01	nan	6.04964674e-01	2.50666905e-02	nan	2.50666905e-02	nan	1.00002027e+00	nan
4	2200	2.26752051e+00	5.45452610e-02	9.25207351e-01	nan	6.53001189e-01	nan	6.53001189e-01	2.62466073e-02	nan	2.62466073e-02	nan	1.00002670e+00	nan
5	2750	2.26535643e+00	7.81369582e-02	9.18247771e-01	nan	6.55067980e-01	nan	6.55067980e-01	3.21231782e-02	nan	3.21231782e-02	nan	1.00002301e+00	nan
6	3300	2.24100288e+00	1.04635566e-01	1.00203932e+00	nan	6.47070765e-01	nan	6.47070765e-01	3.84983160e-02	nan	3.84983160e-02	nan	1.00003076e+00	nan
7	3850	2.22876139e+00	1.33896634e-01	1.01828861e+00	nan	6.43303156e-01	nan	6.43303156e-01	2.99412627e-02	nan	2.99412627e-02	nan	1.00002801e+00	nan
8	4400	2.20579386e+00	1.65737927e-01	1.18395737e+00	nan	7.31426299e-01	nan	7.31426299e-01	4.47090715e-02	nan	4.47090715e-02	nan	1.00002527e+00	nan
9	4950	2.18956254e+00	1.99906975e-01	1.00333608e+00	nan	7.47462511e-01	nan	7.47462511e-01	3.42473090e-02	nan	3.42473090e-02	nan	1.00002491e+00	nan
10	5500	2.15742462e+00	2.36411065e-01	1.11072168e+00	nan	8.12796414e-01	nan	8.12796414e-01	3.65392007e-02	nan	3.65392007e-02	nan	1.00003815e+00	nan
11	6050	2.13815141e+00	2.75462210e-01	1.06037934e+00	nan	8.03771555e-01	nan	8.03771555e-01	3.12752463e-02	nan	3.12752463e-02	nan	1.00003994e+00	nan
12	6600	2.10576075e+00	3.16725373e-01	1.19470377e+00	nan	9.12372649e-01	nan	9.12372649e-01	4.21339981e-02	nan	4.21339981e-02	nan	1.00003552e+00	nan
13	7150	2.07333131e+00	3.60689759e-01	1.24647287e+00	nan	9.73706424e-01	nan	9.73706424e-01	4.24343720e-02	nan	4.24343720e-02	nan	1.00003147e+00	nan
14	7700	2.02701463e+00	4.07370418e-01	1.32687595e+00	nan	1.11958182e+00	nan	1.11958182e+00	5.05208261e-02	nan	5.05208261e-02	nan	1.00004089e+00	nan
15	8250	1.98214893e+00	4.57314402e-01	1.57534229e+00	nan	1.11521506e+00	nan	1.11521506e+00	5.82703613e-02	nan	5.82703613e-02	nan	1.00004065e+00	nan
16	8800	1.94237753e+00	5.10855854e-01	1.58033633e+00	nan	1.10904217e+00	nan	1.10904217e+00	6.15489706e-02	nan	6.15489706e-02	nan	1.00004315e+00	nan
17	9350	1.85472589e+00	5.67961693e-01	1.59359939e+00	nan	1.32472038e+00	nan	1.32472038e+00	7.30666220e-02	nan	7.30666220e-02	nan	1.00003541e+00	nan
18	9900	1.77916416e+00	6.29568517e-01	1.69839270e+00	nan	1.43214667e+00	nan	1.43214667e+00	8.13053697e-02	nan	8.13053697e-02	nan	1.00002491e+00	nan
19	10450	1.68509763e+00	6.96011066e-01	1.99547011e+00	nan	1.68051875e+00	nan	1.68051875e+00	8.78519937e-02	nan	8.78519937e-02	nan	1.00003254e+00	nan
20	11000	1.59820140e+00	7.67644703e-01	2.02217155e+00	nan	1.59286368e+00	nan	1.59286368e+00	9.09906179e-02	nan	9.09906179e-02	nan	1.00003839e+00	nan
21	11550	1.47106935e+00	8.44010592e-01	2.48619328e+00	nan	1.60316062e+00	nan	1.60316062e+00	9.60040540e-02	nan	9.60040540e-02	nan	1.00003731e+00	nan
22	12100	1.35921809e+00	9.24984217e-01	2.59714176e+00	nan	1.83635080e+00	nan	1.83635080e+00	9.53830555e-02	nan	9.53830555e-02	nan	1.00003397e+00	nan
23	12650	1.24753154e+00	1.00982106e+00	2.49461563e+00	nan	1.69826603e+00	nan	1.69826603e+00	9.64488015e-02	nan	9.64488015e-02	nan	1.00002325e+00	nan
24	13200	1.14047178e+00	1.09768009e+00	2.72080509e+00	nan	1.71660829e+00	nan	1.71660829e+00	9.70902517e-02	nan	9.70902517e-02	nan	1.00002456e+00	nan
25	13750	1.02629765e+00	1.18771732e+00	3.57603913e+00	nan	2.17161989e+00	nan	2.17161989e+00	1.22132413e-01	nan	1.22132413e-01	nan	1.00002015e+00	nan
26	14300	9.53395627e-01	1.27906394e+00	3.07996821e+00	nan	1.77967608e+00	nan	1.77967608e+00	1.01749666e-01	nan	1.01749666e-01	nan	1.00001860e+00	nan
27	14850	8.91194967e-01	1.36986601e+00	3.74962173e+00	nan	2.75766683e+00	nan	2.75766683e+00	1.64873630e-01	nan	1.64873630e-01	nan	1.00001657e+00	nan
28	15400	7.87823049e-01	1.45846319e+00	3.76236922e+00	nan	2.81416845e+00	nan	2.81416845e+00	1.67608857e-01	nan	1.67608857e-01	nan	1.00001514e+00	nan
29	15950	8.14287159e-01	1.54334486e+00	3.95286506e+00	nan	2.74739933e+00	nan	2.74739933e+00	1.26260415e-01	nan	1.26260415e-01	nan	1.00001705e+00	nan
30	16500	7.09658731e-01	1.62207830e+00	3.75785203e+00	nan	3.18099928e+00	nan	3.18099928e+00	1.59615815e-01	nan	1.59615815e-01	nan	1.00001431e+00	nan
31	17050	6.24823405e-01	1.69538927e+00	3.92497070e+00	nan	2.71681690e+00	nan	2.71681690e+00	1.36583701e-01	nan	1.36583701e-01	nan	1.00001287e+00	nan
32	17600	6.35204887e-01	1.76500762e+00	3.66266109e+00	nan	3.45636058e+00	nan	3.45636058e+00	1.84724748e-01	nan	1.84724748e-01	nan	1.00001192e+00	nan
33	18150	5.76817523e-01	1.82932365e+00	4.44275013e+00	nan	2.53783011e+00	nan	2.53783011e+00	1.12703659e-01	nan	1.12703659e-01	nan	1.00001419e+00	nan
34	18700	5.90163155e-01	1.88795519e+00	4.28304594e+00	nan	2.47253084e+00	nan	2.47253084e+00	1.38089567e-01	nan	1.38089567e-01	nan	1.00001287e+00	nan
35	19250	5.65768754e-01	1.94075990e+00	3.79413892e+00	nan	2.98925138e+00	nan	2.98925138e+00	1.50531113e-01	nan	1.50531113e-01	nan	1.00001240e+00	nan
36	19800	5.38501991e-01	1.98850572e+00	3.53759918e+00	nan	3.69095445e+00	nan	3.69095445e+00	2.42753401e-01	nan	2.42753401e-01	nan	1.00001061e+00	nan
37	20350	5.34978043e-01	2.03182745e+00	4.29534857e+00	nan	2.62375760e+00	nan	2.62375760e+00	1.28711417e-01	nan	1.28711417e-01	nan	1.00001013e+00	nan
38	20900	5.64583684e-01	2.07041931e+00	3.50345369e+00	nan	3.72044492e+00	nan	3.72044492e+00	2.42292464e-01	nan	2.42292464e-01	nan	1.00001144e+00	nan
39	21450	4.39535184e-01	2.10469127e+00	4.06735982e+00	nan	3.03700662e+00	nan	3.03700662e+00	1.58824623e-01	nan	1.58824623e-01	nan	1.00001431e+00	nan
40	22000	5.58322381e-01	2.13612485e+00	4.06207236e+00	nan	3.12031245e+00	nan	3.12031245e+00	1.61315262e-01	nan	1.61315262e-01	nan	1.00001025e+00	nan
41	22550	5.12279565e-01	2.16400862e+00	4.08980198e+00	nan	2.91464639e+00	nan	2.91464639e+00	1.56337097e-01	nan	1.56337097e-01	nan	1.00001431e+00	nan
42	23100	5.62528591e-01	2.18892694e+00	3.98486538e+00	nan	3.25031281e+00	nan	3.25031281e+00	1.88486949e-01	nan	1.88486949e-01	nan	1.00000954e+00	nan
43	23650	4.82977898e-01	2.21080494e+00	4.23598905e+00	nan	2.82808828e+00	nan	2.82808828e+00	1.30854890e-01	nan	1.30854890e-01	nan	1.00001156e+00	nan
44	24200	5.69989406e-01	2.22992349e+00	3.43371221e+00	nan	3.77908921e+00	nan	3.77908921e+00	2.23974571e-01	nan	2.23974571e-01	nan	1.00001466e+00	nan
45	24750	4.76437745e-01	2.24659467e+00	3.57757192e+00	nan	3.37877607e+00	nan	3.37877607e+00	1.85067892e-01	nan	1.85067892e-01	nan	1.00001323e+00	nan
46	25300	5.46272461e-01	2.26159716e+00	3.60495598e+00	nan	3.60566068e+00	nan	3.60566068e+00	2.24118248e-01	nan	2.24118248e-01	nan	1.00001085e+00	nan
47	25850	3.80937788e-01	2.27395272e+00	4.27816878e+00	nan	2.65490031e+00	nan	2.65490031e+00	1.87099069e-01	nan	1.87099069e-01	nan	1.00001657e+00	nan
48	26400	4.38333464e-01	2.28509617e+00	3.87215893e+00	nan	2.95388937e+00	nan	2.95388937e+00	1.37236372e-01	nan	1.37236372e-01	nan	1.00001192e+00	nan
49	26950	4.49406010e-01	2.29506683e+00	3.85879154e+00	nan	3.02206874e+00	nan	3.02206874e+00	1.72386393e-01	nan	1.72386393e-01	nan	1.00001180e+00	nan
50	27500	4.02736015e-01	2.30387950e+00	4.47019376e+00	nan	1.84083831e+00	nan	1.84083831e+00	7.36330897e-02	nan	7.36330897e-02	nan	1.00001371e+00	nan
51	28050	4.84910523e-01	2.31192398e+00	4.26967557e+00	nan	2.61271214e+00	nan	2.61271214e+00	1.39034793e-01	nan	1.39034793e-01	nan	1.00001264e+00	nan
52	28600	3.96585875e-01	2.31878805e+00	4.22199779e+00	nan	2.49773049e+00	nan	2.49773049e+00	1.17416479e-01	nan	1.17416479e-01	nan	1.00001347e+00	nan
53	29150	3.90381767e-01	2.32499051e+00	4.06627736e+00	nan	2.44107819e+00	nan	2.44107819e+00	1.52557418e-01	nan	1.52557418e-01	nan	1.00001335e+00	nan
54	29700	3.82247238e-01	2.33032179e+00	3.81068118e+00	nan	2.78612089e+00	nan	2.78612089e+00	1.39642045e-01	nan	1.39642045e-01	nan	1.00001526e+00	nan
55	30250	4.32569546e-01	2.33510494e+00	4.08673499e+00	nan	2.54609036e+00	nan	2.54609036e+00	1.02289319e-01	nan	1.02289319e-01	nan	1.00001621e+00	nan
56	30800	4.07378846e-01	2.33894587e+00	3.64527120e+00	nan	3.53831744e+00	nan	3.53831744e+00	1.54903278e-01	nan	1.54903278e-01	nan	1.00001574e+00	nan
57	31350	3.75329572e-01	2.34214401e+00	3.30645006e+00	nan	2.37554693e+00	nan	2.37554693e+00	1.23878665e-01	nan	1.23878665e-01	nan	1.00001633e+00	nan
58	31900	3.37788446e-01	2.34498692e+00	3.87421654e+00	nan	2.93702388e+00	nan	2.93702388e+00	1.98158354e-01	nan	1.98158354e-01	nan	1.00001419e+00	nan
59	32450	4.05653375e-01	2.34782171e+00	4.11907553e+00	nan	1.63900113e+00	nan	1.63900113e+00	6.51380643e-02	nan	6.51380643e-02	nan	1.00001431e+00	nan
60	33000	3.71368804e-01	2.35020757e+00	3.90976057e+00	nan	2.06564069e+00	nan	2.06564069e+00	1.12101167e-01	nan	1.12101167e-01	nan	1.00001526e+00	nan
61	33550	3.41049943e-01	2.35217261e+00	4.02752056e+00	nan	2.25904489e+00	nan	2.25904489e+00	1.32747829e-01	nan	1.32747829e-01	nan	1.00001276e+00	nan
62	34100	3.25471533e-01	2.35396457e+00	3.87258671e+00	nan	1.58883834e+00	nan	1.58883834e+00	7.79762790e-02	nan	7.79762790e-02	nan	1.00001609e+00	nan
63	34650	3.44887738e-01	2.35603571e+00	3.60611843e+00	nan	2.97791338e+00	nan	2.97791338e+00	1.91454232e-01	nan	1.91454232e-01	nan	1.00001431e+00	nan
64	35200	2.87659956e-01	2.35838485e+00	3.63034517e+00	nan	9.40155566e-01	nan	9.40155566e-01	4.52744551e-02	nan	4.52744551e-02	nan	1.00001633e+00	nan
65	35750	3.33243656e-01	2.36115098e+00	3.63200041e+00	nan	2.62808490e+00	nan	2.62808490e+00	1.86214671e-01	nan	1.86214671e-01	nan	1.00001228e+00	nan
66	36300	2.69610983e-01	2.36395741e+00	3.20701503e+00	nan	1.62245607e+00	nan	1.62245607e+00	7.04055503e-02	nan	7.04055503e-02	nan	1.00001764e+00	nan
67	36850	2.92735415e-01	2.36724854e+00	3.33520010e+00	nan	2.25965953e+00	nan	2.25965953e+00	1.50405645e-01	nan	1.50405645e-01	nan	1.00001609e+00	nan
68	37400	2.90568651e-01	2.37098885e+00	3.49388836e+00	nan	1.68279827e+00	nan	1.68279827e+00	9.39254314e-02	nan	9.39254314e-02	nan	1.00001585e+00	nan
69	37950	3.43877244e-01	2.37520337e+00	3.49476736e+00	nan	2.20449162e+00	nan	2.20449162e+00	1.14129230e-01	nan	1.14129230e-01	nan	1.00001609e+00	nan
70	38500	2.97657824e-01	2.37901688e+00	3.22645399e+00	nan	2.82793403e+00	nan	2.82793403e+00	1.79999843e-01	nan	1.79999843e-01	nan	1.00001538e+00	nan
71	39050	3.89681426e-01	2.38277054e+00	3.77614327e+00	nan	1.40047956e+00	nan	1.40047956e+00	6.91245794e-02	nan	6.91245794e-02	nan	1.00001264e+00	nan
72	39600	3.36630361e-01	2.38581920e+00	3.88451567e+00	nan	2.42846274e+00	nan	2.42846274e+00	1.07906654e-01	nan	1.07906654e-01	nan	1.00001860e+00	nan
73	40150	2.51493961e-01	2.38886356e+00	3.03967920e+00	nan	1.42326474e+00	nan	1.42326474e+00	7.14233443e-02	nan	7.14233443e-02	nan	1.00001478e+00	nan
74	40700	3.01905058e-01	2.39268637e+00	3.72641005e+00	nan	2.09132433e+00	nan	2.09132433e+00	1.27583757e-01	nan	1.27583757e-01	nan	1.00001347e+00	nan
75	41250	2.54903186e-01	2.39702940e+00	3.18650598e+00	nan	1.79343665e+00	nan	1.79343665e+00	8.86488333e-02	nan	8.86488333e-02	nan	1.00001574e+00	nan
76	41800	2.70841016e-01	2.40218306e+00	3.16612913e+00	nan	2.21104836e+00	nan	2.21104836e+00	1.08124249e-01	nan	1.08124249e-01	nan	1.00002003e+00	nan
77	42350	2.39835256e-01	2.40754032e+00	3.33280638e+00	nan	1.66224647e+00	nan	1.66224647e+00	1.16239019e-01	nan	1.16239019e-01	nan	1.00001299e+00	nan
78	42900	3.61836288e-01	2.41362524e+00	3.35362079e+00	nan	2.52131057e+00	nan	2.52131057e+00	1.55553296e-01	nan	1.55553296e-01	nan	1.00001764e+00	nan
79	43450	2.91124164e-01	2.41936922e+00	3.58429751e+00	nan	1.99886584e+00	nan	1.99886584e+00	8.43627527e-02	nan	8.43627527e-02	nan	1.00001705e+00	nan
80	44000	2.24786718e-01	2.42530608e+00	2.86579410e+00	nan	1.43706870e+00	nan	1.43706870e+00	6.16127476e-02	nan	6.16127476e-02	nan	1.00001359e+00	nan
81	44550	2.55679798e-01	2.43196106e+00	2.80187197e+00	nan	3.23960972e+00	nan	3.23960972e+00	2.03264177e-01	nan	2.03264177e-01	nan	1.00001919e+00	nan
82	45100	2.46154151e-01	2.43880105e+00	3.48137666e+00	nan	2.39615893e+00	nan	2.39615893e+00	1.11837715e-01	nan	1.11837715e-01	nan	1.00001419e+00	nan
83	45650	2.24038394e-01	2.44619942e+00	2.99856231e+00	nan	1.66676247e+00	nan	1.66676247e+00	7.78957605e-02	nan	7.78957605e-02	nan	1.00001884e+00	nan
84	46200	3.46680728e-01	2.45396352e+00	3.15111492e+00	nan	3.37826681e+00	nan	3.37826681e+00	1.70194447e-01	nan	1.70194447e-01	nan	1.00002074e+00	nan
85	46750	2.38924916e-01	2.46146202e+00	2.79373898e+00	nan	2.05579138e+00	nan	2.05579138e+00	8.17224234e-02	nan	8.17224234e-02	nan	1.00001669e+00	nan
86	47300	1.93947258e-01	2.46907973e+00	2.75224229e+00	nan	1.50347126e+00	nan	1.50347126e+00	7.70691037e-02	nan	7.70691037e-02	nan	1.00001633e+00	nan
87	47850	2.93612738e-01	2.47684765e+00	2.97380448e+00	nan	2.96929574e+00	nan	2.96929574e+00	1.22160666e-01	nan	1.22160666e-01	nan	1.00002050e+00	nan
88	48400	2.24184420e-01	2.48419452e+00	2.96586473e+00	nan	1.92509437e+00	nan	1.92509437e+00	8.43409598e-02	nan	8.43409598e-02	nan	1.00001729e+00	nan
89	48950	3.02226751e-01	2.49190664e+00	3.27134670e+00	nan	2.26193213e+00	nan	2.26193213e+00	9.36824083e-02	nan	9.36824083e-02	nan	1.00001955e+00	nan
90	49500	2.83058199e-01	2.49973536e+00	3.46752309e+00	nan	2.84683871e+00	nan	2.84683871e+00	1.17855161e-01	nan	1.17855161e-01	nan	1.00002015e+00	nan
91	50050	2.47963752e-01	2.50748801e+00	3.20212956e+00	nan	1.78380883e+00	nan	1.78380883e+00	8.18485096e-02	nan	8.18485096e-02	nan	1.00001776e+00	nan
92	50600	2.81338847e-01	2.51535225e+00	3.22354347e+00	nan	1.95856524e+00	nan	1.95856524e+00	7.25055486e-02	nan	7.25055486e-02	nan	1.00002229e+00	nan
93	51150	2.92805120e-01	2.52273893e+00	3.27190616e+00	nan	3.03612518e+00	nan	3.03612518e+00	1.34587869e-01	nan	1.34587869e-01	nan	1.00002062e+00	nan
94	51700	2.74333768e-01	2.52950454e+00	3.12294398e+00	nan	1.89876533e+00	nan	1.89876533e+00	7.70898163e-02	nan	7.70898163e-02	nan	1.00001478e+00	nan
95	52250	2.62559375e-01	2.53593993e+00	3.29801560e+00	nan	2.23870301e+00	nan	2.23870301e+00	1.04872659e-01	nan	1.04872659e-01	nan	1.00001693e+00	nan
96	52800	2.48390791e-01	2.54249430e+00	2.75972647e+00	nan	2.76733613e+00	nan	2.76733613e+00	1.37008622e-01	nan	1.37008622e-01	nan	1.00001895e+00	nan
97	53350	2.00062719e-01	2.54943371e+00	2.67296176e+00	nan	1.35194314e+00	nan	1.35194314e+00	6.95313960e-02	nan	6.95313960e-02	nan	1.00001824e+00	nan
98	53900	2.69575548e-01	2.55667615e+00	3.01885069e+00	nan	1.91762400e+00	nan	1.91762400e+00	7.92420432e-02	nan	7.92420432e-02	nan	1.00001633e+00	nan
99	54450	2.37665204e-01	2.56395268e+00	2.65620083e+00	nan	2.15641356e+00	nan	2.15641356e+00	1.03352927e-01	nan	1.03352927e-01	nan	1.00001788e+00	nan
100	55000	2.46989917e-01	2.57114673e+00	3.10668812e+00	nan	1.56361413e+00	nan	1.56361413e+00	7.49208406e-02	nan	7.49208406e-02	nan	1.00001693e+00	nan
101	55550	1.97167773e-01	2.57805872e+00	2.65206884e+00	nan	1.75881374e+00	nan	1.75881374e+00	7.10660964e-02	nan	7.10660964e-02	nan	1.00001752e+00	nan
102	56100	2.05843797e-01	2.58522868e+00	2.63115104e+00	nan	1.96572506e+00	nan	1.96572506e+00	8.38460699e-02	nan	8.38460699e-02	nan	1.00002074e+00	nan
103	56650	1.79532597e-01	2.59242678e+00	2.36407971e+00	nan	1.48928154e+00	nan	1.48928154e+00	6.81127831e-02	nan	6.81127831e-02	nan	1.00001669e+00	nan
104	57200	1.75389157e-01	2.59988356e+00	2.58760533e+00	nan	9.89600301e-01	nan	9.89600301e-01	4.84272130e-02	nan	4.84272130e-02	nan	1.00001931e+00	nan
105	57750	2.34376848e-01	2.60765171e+00	3.08505299e+00	nan	2.27071214e+00	nan	2.27071214e+00	1.07887678e-01	nan	1.07887678e-01	nan	1.00001979e+00	nan
106	58300	2.34658316e-01	2.61547446e+00	2.97554807e+00	nan	2.44481230e+00	nan	2.44481230e+00	1.33178338e-01	nan	1.33178338e-01	nan	1.00001895e+00	nan
107	58850	2.38618158e-01	2.62304711e+00	2.99768951e+00	nan	2.33893418e+00	nan	2.33893418e+00	1.40782297e-01	nan	1.40782297e-01	nan	1.00002110e+00	nan
108	59400	2.13109854e-01	2.63036609e+00	2.95301249e+00	nan	1.60301816e+00	nan	1.60301816e+00	7.51820728e-02	nan	7.51820728e-02	nan	1.00002134e+00	nan
109	59950	1.94400058e-01	2.63788891e+00	2.56447920e+00	nan	1.54467118e+00	nan	1.54467118e+00	8.58035758e-02	nan	8.58035758e-02	nan	1.00001824e+00	nan
110	60500	2.23915608e-01	2.64555550e+00	2.97790911e+00	nan	1.57388186e+00	nan	1.57388186e+00	6.71665221e-02	nan	6.71665221e-02	nan	1.00001979e+00	nan
111	61050	2.35729432e-01	2.65306354e+00	2.94088606e+00	nan	1.06162477e+00	nan	1.06162477e+00	4.62612882e-02	nan	4.62612882e-02	nan	1.00001836e+00	nan
112	61600	2.02697723e-01	2.66034794e+00	2.89922007e+00	nan	1.77475977e+00	nan	1.77475977e+00	7.61503801e-02	nan	7.61503801e-02	nan	1.00002027e+00	nan
113	62150	2.02406199e-01	2.66759372e+00	3.04290497e+00	nan	1.95838106e+00	nan	1.95838106e+00	9.66960862e-02	nan	9.66960862e-02	nan	1.00002325e+00	nan
114	62700	1.72185165e-01	2.67458248e+00	2.86406892e+00	nan	1.30755329e+00	nan	1.30755329e+00	5.31527400e-02	nan	5.31527400e-02	nan	1.00002265e+00	nan
115	63250	2.21623642e-01	2.68159342e+00	2.71926982e+00	nan	1.57117796e+00	nan	1.57117796e+00	7.19149858e-02	nan	7.19149858e-02	nan	1.00001919e+00	nan
116	63800	2.38759151e-01	2.68814182e+00	2.82848224e+00	nan	1.95154715e+00	nan	1.95154715e+00	9.28609297e-02	nan	9.28609297e-02	nan	1.00002086e+00	nan
117	64350	1.70304707e-01	2.69431949e+00	2.58856701e+00	nan	8.51594269e-01	nan	8.51594269e-01	2.96341423e-02	nan	2.96341423e-02	nan	1.00002348e+00	nan
118	64900	1.72399483e-01	2.70086312e+00	2.67009409e+00	nan	1.21224594e+00	nan	1.21224594e+00	5.34136407e-02	nan	5.34136407e-02	nan	1.00002158e+00	nan
119	65450	1.41793480e-01	2.70758891e+00	2.16515127e+00	nan	7.10692585e-01	nan	7.10692585e-01	2.61929259e-02	nan	2.61929259e-02	nan	1.00001729e+00	nan
120	66000	1.56075415e-01	2.71447492e+00	2.58649100e+00	nan	1.24691129e+00	nan	1.24691129e+00	6.29044473e-02	nan	6.29044473e-02	nan	1.00002301e+00	nan
121	66550	1.78084440e-01	2.72164083e+00	2.97913197e+00	nan	1.35787702e+00	nan	1.35787702e+00	6.46326467e-02	nan	6.46326467e-02	nan	1.00002420e+00	nan
122	67100	1.73366970e-01	2.72905469e+00	2.71317891e+00	nan	1.42954469e+00	nan	1.42954469e+00	5.56748547e-02	nan	5.56748547e-02	nan	1.00002348e+00	nan
123	67650	1.73613802e-01	2.73646021e+00	2.50160838e+00	nan	9.85415936e-01	nan	9.85415936e-01	4.69611660e-02	nan	4.69611660e-02	nan	1.00002003e+00	nan
124	68200	1.29197009e-01	2.74385786e+00	2.02322998e+00	nan	7.50372052e-01	nan	7.50372052e-01	3.78582031e-02	nan	3.78582031e-02	nan	1.00001895e+00	nan
125	68750	1.89231284e-01	2.75124240e+00	2.63465214e+00	nan	1.65836823e+00	nan	1.65836823e+00	6.89100698e-02	nan	6.89100698e-02	nan	1.00002229e+00	nan
126	69300	1.87304930e-01	2.75850105e+00	2.68115854e+00	nan	1.57726836e+00	nan	1.57726836e+00	8.79341364e-02	nan	8.79341364e-02	nan	1.00002134e+00	nan
127	69850	1.88719316e-01	2.76556540e+00	3.12895980e+00	nan	1.22696149e+00	nan	1.22696149e+00	6.17150813e-02	nan	6.17150813e-02	nan	1.00002074e+00	nan
128	70400	1.45326978e-01	2.77263546e+00	2.49284492e+00	nan	9.31241214e-01	nan	9.31241214e-01	4.53200601e-02	nan	4.53200601e-02	nan	1.00001681e+00	nan
129	70950	1.91925876e-01	2.77987361e+00	2.76440458e+00	nan	2.05979228e+00	nan	2.05979228e+00	1.25551581e-01	nan	1.25551581e-01	nan	1.00002360e+00	nan
130	71500	1.70615242e-01	2.78689218e+00	2.83692176e+00	nan	1.32120872e+00	nan	1.32120872e+00	8.29966068e-02	nan	8.29966068e-02	nan	1.00002360e+00	nan
131	72050	1.33340979e-01	2.79342604e+00	2.28572098e+00	nan	8.13907564e-01	nan	8.13907564e-01	4.13542725e-02	nan	4.13542725e-02	nan	1.00001872e+00	nan
132	72600	1.52329632e-01	2.80011415e+00	2.43354101e+00	nan	1.41048074e+00	nan	1.41048074e+00	5.24436124e-02	nan	5.24436124e-02	nan	1.00002217e+00	nan
133	73150	2.13910859e-01	2.80692124e+00	3.18283678e+00	nan	1.26428592e+00	nan	1.26428592e+00	5.01046665e-02	nan	5.01046665e-02	nan	1.00001895e+00	nan
134	73700	1.58778294e-01	2.81356215e+00	2.74976705e+00	nan	1.33217239e+00	nan	1.33217239e+00	5.82877621e-02	nan	5.82877621e-02	nan	1.00002289e+00	nan
135	74250	1.50813415e-01	2.82008958e+00	2.57147279e+00	nan	1.33051074e+00	nan	1.33051074e+00	4.59768549e-02	nan	4.59768549e-02	nan	1.00001919e+00	nan
136	74800	1.45901374e-01	2.82640886e+00	2.82602730e+00	nan	1.16632521e+00	nan	1.16632521e+00	3.97049822e-02	nan	3.97049822e-02	nan	1.00001991e+00	nan
137	75350	1.42677731e-01	2.83259535e+00	2.42595893e+00	nan	9.44402039e-01	nan	9.44402039e-01	4.12326790e-02	nan	4.12326790e-02	nan	1.00001955e+00	nan
138	75900	1.23362776e-01	2.83871913e+00	2.40144094e+00	nan	7.77311921e-01	nan	7.77311921e-01	4.72986214e-02	nan	4.72986214e-02	nan	1.00001729e+00	nan
139	76450	1.62428219e-01	2.84509611e+00	2.81695775e+00	nan	1.21986973e+00	nan	1.21986973e+00	4.75460067e-02	nan	4.75460067e-02	nan	1.00002968e+00	nan
140	77000	1.68871903e-01	2.85143161e+00	2.70041403e+00	nan	1.19316328e+00	nan	1.19316328e+00	4.52413633e-02	nan	4.52413633e-02	nan	1.00001729e+00	nan
141	77550	1.61264897e-01	2.85775471e+00	2.73896599e+00	nan	1.19716132e+00	nan	1.19716132e+00	5.33625819e-02	nan	5.33625819e-02	nan	1.00001800e+00	nan
142	78100	1.53387357e-01	2.86392832e+00	2.50533155e+00	nan	1.67535400e+00	nan	1.67535400e+00	1.13092415e-01	nan	1.13092415e-01	nan	1.00001931e+00	nan
143	78650	1.53987241e-01	2.87007141e+00	2.59954892e+00	nan	1.04852521e+00	nan	1.04852521e+00	4.23206426e-02	nan	4.23206426e-02	nan	1.00002313e+00	nan
144	79200	1.58984194e-01	2.87632585e+00	2.49196590e+00	nan	1.27190566e+00	nan	1.27190566e+00	6.29836246e-02	nan	6.29836246e-02	nan	1.00002694e+00	nan
145	79750	1.39298889e-01	2.88255811e+00	2.49048727e+00	nan	1.01406908e+00	nan	1.01406908e+00	7.50010908e-02	nan	7.50010908e-02	nan	1.00001645e+00	nan
146	80300	1.52256988e-01	2.88869691e+00	2.44083526e+00	nan	1.87338793e+00	nan	1.87338793e+00	1.02073245e-01	nan	1.02073245e-01	nan	1.00001872e+00	nan
147	80850	1.48040238e-01	2.89459705e+00	2.64037912e+00	nan	1.40215278e+00	nan	1.40215278e+00	5.55979833e-02	nan	5.55979833e-02	nan	1.00002205e+00	nan
148	81400	1.43958036e-01	2.90053058e+00	2.61311876e+00	nan	1.14038503e+00	nan	1.14038503e+00	4.68438864e-02	nan	4.68438864e-02	nan	1.00002253e+00	nan
149	81950	1.52611582e-01	2.90636230e+00	2.36732615e+00	nan	1.54253232e+00	nan	1.54253232e+00	8.59770104e-02	nan	8.59770104e-02	nan	1.00001812e+00	nan
150	82500	1.36605635e-01	2.91202283e+00	2.60856120e+00	nan	1.30135477e+00	nan	1.30135477e+00	5.07186987e-02	nan	5.07186987e-02	nan	1.00001323e+00	nan
151	83050	1.57423204e-01	2.91804385e+00	2.66685058e+00	nan	1.19623864e+00	nan	1.19623864e+00	5.42229041e-02	nan	5.42229041e-02	nan	1.00001764e+00	nan
152	83600	1.53198533e-01	2.92402744e+00	2.45415080e+00	nan	1.65849996e+00	nan	1.65849996e+00	7.32222125e-02	nan	7.32222125e-02	nan	1.00002313e+00	nan
153	84150	1.59000183e-01	2.93001795e+00	2.68027875e+00	nan	1.70830417e+00	nan	1.70830417e+00	7.65464008e-02	nan	7.65464008e-02	nan	1.00002003e+00	nan
154	84700	1.69514021e-01	2.93602371e+00	2.82712277e+00	nan	1.43370676e+00	nan	1.43370676e+00	6.03755601e-02	nan	6.03755601e-02	nan	1.00002146e+00	nan
155	85250	1.37080683e-01	2.94185781e+00	2.39451846e+00	nan	1.52175665e+00	nan	1.52175665e+00	8.95004347e-02	nan	8.95004347e-02	nan	1.00001860e+00	nan
156	85800	1.52422794e-01	2.94772983e+00	2.55740450e+00	nan	1.76441622e+00	nan	1.76441622e+00	7.95973912e-02	nan	7.95973912e-02	nan	1.00002110e+00	nan
157	86350	1.41636677e-01	2.95345116e+00	2.76542554e+00	nan	9.96043026e-01	nan	9.96043026e-01	4.36231196e-02	nan	4.36231196e-02	nan	1.00001991e+00	nan
158	86900	1.10776713e-01	2.95915604e+00	2.33524478e+00	nan	1.09082913e+00	nan	1.09082913e+00	4.57956567e-02	nan	4.57956567e-02	nan	1.00002229e+00	nan
159	87450	1.98219376e-01	2.96504593e+00	2.94686605e+00	nan	1.86214042e+00	nan	1.86214042e+00	7.27481619e-02	nan	7.27481619e-02	nan	1.00002110e+00	nan
160	88000	1.30661697e-01	2.97047830e+00	2.38870063e+00	nan	1.52456331e+00	nan	1.52456331e+00	7.25900233e-02	nan	7.25900233e-02	nan	1.00002432e+00	nan
161	88550	1.27211204e-01	2.97585702e+00	2.28782578e+00	nan	1.61465204e+00	nan	1.61465204e+00	8.07081535e-02	nan	8.07081535e-02	nan	1.00002372e+00	nan
162	89100	1.89581769e-01	2.98130512e+00	2.82584891e+00	nan	1.53570318e+00	nan	1.53570318e+00	8.24927688e-02	nan	8.24927688e-02	nan	1.00002193e+00	nan
163	89650	1.50914152e-01	2.98621655e+00	2.56295092e+00	nan	1.23171544e+00	nan	1.23171544e+00	6.72799423e-02	nan	6.72799423e-02	nan	1.00001955e+00	nan
164	90200	1.37462038e-01	2.99087691e+00	2.40854626e+00	nan	1.19144034e+00	nan	1.19144034e+00	4.87991422e-02	nan	4.87991422e-02	nan	1.00002396e+00	nan
165	90750	1.17645463e-01	2.99552131e+00	2.32687304e+00	nan	1.30082512e+00	nan	1.30082512e+00	6.95712268e-02	nan	6.95712268e-02	nan	1.00002122e+00	nan
166	91300	1.26388068e-01	3.00021529e+00	2.22271192e+00	nan	2.05537844e+00	nan	2.05537844e+00	1.08070403e-01	nan	1.08070403e-01	nan	1.00002003e+00	nan