# Step number	Training point count	Average loss	l2 from origin	Honest gradient deviation	Attack gradient deviation	Honest gradient norm	Attack gradient norm	Defense gradient norm	Honest max coordinate	Attack max coordinate	Defense max coordinate	Honest-attack cosine	Honest-defense cosine	Attack-defense cosine
0	0	2.31140709e+00	0.00000000e+00	9.02537542e-01	1.33050185e-04	6.62919462e-01	5.41024072e+03	1.41873279e+03	5.16951270e-02	2.72887459e+01	1.01543741e+01	-2.40474921e-02	1.28851994e-03	2.63321668e-01
1	300	2.33234386e+00	1.41873159e+01	1.48976167e+00	1.33448551e-04	1.30316842e+00	5.40931396e+03	1.41945703e+03	6.95897490e-02	2.21995392e+01	1.01606836e+01	-4.39234078e-02	3.90273461e-04	2.63138801e-01
2	600	2.83258887e+00	3.04631920e+01	2.07122230e+00	1.32967417e-04	4.62871695e+00	5.40660791e+03	1.42105115e+03	2.80312985e-01	2.36475754e+01	1.11176100e+01	-8.19199085e-02	3.59543855e-03	2.61634380e-01
3	900	5.07483482e+00	4.90533218e+01	1.79800149e+00	1.31938128e-04	4.72292376e+00	5.40528076e+03	1.41963293e+03	3.83285671e-01	2.44894066e+01	9.85000992e+00	-8.54588673e-02	1.51207694e-03	2.60603666e-01
4	1200	1.54584681e+01	6.91524582e+01	1.63158428e+00	1.33700012e-04	4.77301311e+00	5.40979004e+03	1.41991260e+03	4.23675686e-01	2.38118076e+01	1.11475782e+01	-8.42491165e-02	4.47963830e-03	2.62058407e-01
5	1500	3.11890678e+01	9.02775650e+01	2.51260247e+00	1.32896769e-04	4.44285774e+00	5.41000488e+03	1.41972546e+03	3.41486722e-01	2.38487244e+01	9.76923561e+00	-7.83038661e-02	4.29348415e-03	2.63795942e-01
6	1800	5.89237480e+01	1.12106483e+02	2.60316571e+00	1.32440729e-04	4.39920473e+00	5.40147607e+03	1.42071240e+03	3.33305508e-01	2.50047207e+01	1.09261007e+01	-6.79322556e-02	2.43898924e-03	2.60300547e-01
7	2100	1.15379926e+02	1.34335449e+02	2.76669610e+00	1.32798907e-04	4.31523180e+00	5.40264355e+03	1.41870740e+03	2.67819196e-01	2.52226372e+01	1.03031473e+01	-5.91088757e-02	2.69875559e-03	2.62308270e-01
8	2400	1.98115878e+02	1.56778946e+02	2.46125949e+00	1.32334888e-04	4.46675730e+00	5.40761133e+03	1.41818201e+03	3.03511351e-01	2.40310097e+01	1.08132477e+01	-5.49488738e-02	1.14416820e-03	2.63283968e-01
9	2700	3.29631927e+02	1.79292709e+02	2.14266710e+00	1.33183508e-04	4.60154533e+00	5.40414355e+03	1.41938721e+03	3.44330877e-01	2.35782604e+01	9.93232632e+00	-5.13735488e-02	4.36305488e-03	2.61342049e-01
10	3000	4.38884735e+02	2.01698044e+02	2.05474522e+00	1.32690883e-04	4.63484812e+00	5.41103369e+03	1.42109924e+03	4.22741979e-01	2.45253944e+01	1.08579473e+01	-4.53100242e-02	4.02015727e-03	2.63331264e-01
11	3300	6.78914683e+02	2.24008514e+02	3.07984599e+00	1.33065876e-04	4.13468456e+00	5.41596094e+03	1.42145435e+03	2.47192845e-01	2.38339405e+01	1.07269974e+01	-5.59529029e-02	1.00863143e-03	2.63717890e-01
12	3600	9.04278829e+02	2.46113480e+02	3.36494169e+00	1.33104559e-04	3.94518232e+00	5.40897607e+03	1.42143945e+03	2.94879764e-01	2.32683392e+01	1.21318483e+01	-5.64031713e-02	3.98442661e-03	2.62412071e-01
13	3900	1.19022546e+03	2.67949158e+02	3.19908077e+00	1.32973628e-04	4.05853844e+00	5.40352490e+03	1.41823352e+03	2.96552986e-01	2.53656845e+01	1.07889051e+01	-5.61168380e-02	8.03329749e-04	2.61809647e-01
14	4200	1.57020172e+03	2.89496368e+02	2.80289828e+00	1.32972389e-04	4.29572916e+00	5.40446680e+03	1.42150806e+03	3.88745666e-01	2.26871433e+01	9.72287083e+00	-3.72763872e-02	3.09397024e-03	2.63234496e-01
15	4500	2.24086674e+03	3.10703491e+02	2.95521299e+00	1.33047507e-04	4.20981216e+00	5.41037646e+03	1.42000366e+03	3.78577322e-01	2.52768993e+01	1.01246786e+01	-4.98770438e-02	1.90939358e-03	2.63356984e-01
16	4800	2.58786800e+03	3.31530731e+02	3.67533868e+00	1.32771198e-04	3.70722270e+00	5.40696582e+03	1.42063428e+03	2.60833919e-01	2.39778156e+01	1.03217115e+01	-5.72767258e-02	9.77338059e-04	2.61296898e-01
17	5100	3.78073759e+03	3.51973175e+02	3.05172130e+00	1.32957885e-04	4.15204525e+00	5.40922705e+03	1.42108252e+03	3.00967962e-01	2.44339733e+01	1.02718878e+01	-5.43958172e-02	-2.05320641e-04	2.62766957e-01
18	5400	4.00033834e+03	3.72099304e+02	3.25770975e+00	1.33054224e-04	4.01950788e+00	5.40838818e+03	1.41685535e+03	2.63088703e-01	2.38838196e+01	9.97603703e+00	-5.38945980e-02	2.22697435e-03	2.60812044e-01
19	5700	5.52658423e+03	3.91845520e+02	2.72899378e+00	1.33344105e-04	4.33521128e+00	5.40737061e+03	1.41890881e+03	3.54860097e-01	2.44738007e+01	1.08677139e+01	-5.19581027e-02	2.23218440e-03	2.62277752e-01
20	6000	6.71365796e+03	4.11210938e+02	3.19575640e+00	1.32840534e-04	4.06074572e+00	5.40464648e+03	1.42019666e+03	2.94738412e-01	2.25657387e+01	9.96849823e+00	-5.15792221e-02	1.87851279e-03	2.59516478e-01
21	6300	7.77714697e+03	4.30221924e+02	2.73809265e+00	1.32942587e-04	4.33043480e+00	5.40773779e+03	1.42299731e+03	2.49828741e-01	2.55421867e+01	1.04399786e+01	-5.05910330e-02	2.31259875e-03	2.59895533e-01
22	6600	8.28055924e+03	4.48844025e+02	2.78880547e+00	1.33607878e-04	4.30335426e+00	5.41177295e+03	1.42063196e+03	2.35190749e-01	2.42298412e+01	1.03062468e+01	-4.37040217e-02	5.13765449e-03	2.64831007e-01
23	6900	9.01750854e+03	4.67111511e+02	3.37996896e+00	1.33660916e-04	3.93448710e+00	5.40406348e+03	1.41802087e+03	2.80007184e-01	2.33407040e+01	1.03411379e+01	-4.40534279e-02	-8.37309108e-06	2.59757042e-01
24	7200	1.07285389e+04	4.85021606e+02	2.96985818e+00	1.33401933e-04	4.20121622e+00	5.41165918e+03	1.42301514e+03	2.56612241e-01	2.44996529e+01	1.00819235e+01	-3.73916142e-02	5.66381030e-03	2.62454569e-01
25	7500	1.15869583e+04	5.02584106e+02	2.93639267e+00	1.32724543e-04	4.22075558e+00	5.40414502e+03	1.41977222e+03	3.27653378e-01	2.37938538e+01	1.01916780e+01	-3.50095034e-02	4.68756584e-03	2.60698587e-01
26	7800	1.24266053e+04	5.19803650e+02	3.07863634e+00	1.32843852e-04	4.13544083e+00	5.40803027e+03	1.42070935e+03	3.20822030e-01	2.41998711e+01	1.06580229e+01	-3.45083512e-02	2.98898341e-03	2.62017697e-01
27	8100	1.64952127e+04	5.36661804e+02	2.79051056e+00	1.32488855e-04	4.30243015e+00	5.40094971e+03	1.41817163e+03	3.27156305e-01	2.30567131e+01	9.54954910e+00	-2.83874720e-02	4.34350129e-03	2.60299712e-01
28	8400	1.73029689e+04	5.53206726e+02	3.07644313e+00	1.34123534e-04	4.13678312e+00	5.40569922e+03	1.41846533e+03	3.26118261e-01	2.36498184e+01	1.02075052e+01	-3.28616202e-02	3.94998584e-03	2.62357831e-01
29	8700	1.75203823e+04	5.69447693e+02	2.99082872e+00	1.32678959e-04	4.18876839e+00	5.40641895e+03	1.42121643e+03	2.45088354e-01	2.31484718e+01	1.07595320e+01	-3.33969630e-02	2.90622911e-03	2.64183581e-01
30	9000	1.93618203e+04	5.85396362e+02	3.42044290e+00	1.32764425e-04	3.90521550e+00	5.40485742e+03	1.42067712e+03	2.30171382e-01	2.59822445e+01	1.07848282e+01	-3.40553075e-02	2.75455532e-03	2.61497587e-01
31	9300	2.11679557e+04	6.01088684e+02	2.95771959e+00	1.33036512e-04	4.20832539e+00	5.40779443e+03	1.42162000e+03	3.51652145e-01	2.32970181e+01	1.05387259e+01	-3.35626379e-02	3.45376460e-03	2.63425022e-01
32	9600	2.00307021e+04	6.16512329e+02	2.86188741e+00	1.32772967e-04	4.26319265e+00	5.40673438e+03	1.41883398e+03	3.91997904e-01	2.54629612e+01	1.01318560e+01	-3.31033468e-02	-8.80317239e-04	2.62139887e-01
33	9900	2.26037796e+04	6.31687195e+02	2.79615672e+00	1.33732260e-04	4.29939842e+00	5.41308105e+03	1.42004187e+03	3.90244871e-01	2.50014420e+01	1.05572271e+01	-2.93758251e-02	2.95304041e-03	2.63380349e-01
34	10200	2.60835905e+04	6.46604065e+02	3.05730998e+00	1.32588821e-04	4.14860487e+00	5.39915381e+03	1.41944019e+03	3.31514031e-01	2.37589073e+01	9.96178150e+00	-3.14567499e-02	1.94362295e-03	2.57308573e-01
35	10500	2.36531048e+04	6.61273193e+02	3.61863596e+00	1.33261310e-04	3.75343394e+00	5.41286475e+03	1.42224072e+03	2.37326697e-01	2.38086891e+01	1.13013144e+01	-2.64268853e-02	1.69104373e-03	2.63471693e-01
36	10800	2.84857464e+04	6.75702454e+02	3.42286338e+00	1.32143473e-04	3.90343332e+00	5.41333594e+03	1.42311938e+03	2.82340914e-01	2.52353973e+01	1.06882257e+01	-3.00970338e-02	1.65493076e-03	2.64022380e-01
37	11100	2.68756966e+04	6.89918518e+02	4.27870764e+00	1.32871650e-04	3.12157202e+00	5.40850000e+03	1.42226917e+03	2.48833522e-01	2.44183426e+01	1.10657606e+01	-3.11677866e-02	4.51082503e-03	2.62635231e-01
38	11400	2.93451270e+04	7.03948730e+02	4.09877458e+00	1.32812701e-04	3.31667924e+00	5.41290234e+03	1.42015479e+03	2.39752397e-01	2.53866882e+01	1.12412119e+01	-2.59248819e-02	4.24549729e-03	2.65271723e-01
39	11700	3.05517666e+04	7.17742188e+02	3.75670769e+00	1.33096651e-04	3.63861680e+00	5.41227051e+03	1.42207764e+03	2.28830948e-01	2.42942104e+01	1.07751122e+01	-3.46742570e-02	2.53060041e-03	2.63499349e-01
40	12000	3.46839876e+04	7.31327759e+02	3.72994308e+00	1.32612352e-04	3.66151285e+00	5.40718799e+03	1.42092285e+03	4.25804615e-01	2.41748810e+01	1.05513268e+01	-3.23047824e-02	3.32864467e-03	2.60052860e-01
41	12300	3.51274564e+04	7.44708679e+02	3.50952743e+00	1.33669853e-04	3.83879781e+00	5.40938867e+03	1.42264148e+03	3.91859323e-01	2.38510761e+01	1.01852312e+01	-3.14399414e-02	4.78995498e-03	2.62670338e-01
42	12600	3.87466768e+04	7.57905212e+02	3.88018118e+00	1.33507203e-04	3.52900362e+00	5.40760303e+03	1.42053564e+03	3.21057230e-01	2.29240761e+01	1.07318945e+01	-3.83623689e-02	2.26326217e-03	2.61641830e-01
43	12900	4.40443887e+04	7.70878296e+02	3.09807446e+00	1.33075750e-04	4.12331200e+00	5.41055908e+03	1.41974768e+03	3.64656776e-01	2.29655914e+01	1.11415739e+01	-2.84029469e-02	7.12589186e-04	2.61163890e-01
44	13200	4.53603854e+04	7.83678772e+02	3.67235844e+00	1.32693506e-04	3.70969677e+00	5.41025391e+03	1.41969141e+03	2.86519706e-01	2.48983040e+01	1.11034355e+01	-2.31210422e-02	9.92233981e-04	2.63170630e-01
45	13500	5.38043333e+04	7.96321045e+02	3.84421868e+00	1.33084610e-04	3.56164575e+00	5.40327344e+03	1.41723718e+03	2.55469620e-01	2.31232471e+01	1.01694460e+01	-2.94536576e-02	3.23589426e-03	2.59367704e-01
46	13800	5.44156634e+04	8.08788086e+02	3.63767541e+00	1.32211337e-04	3.73807049e+00	5.40869336e+03	1.42039282e+03	2.76021361e-01	2.36907330e+01	1.10624018e+01	-1.40366210e-02	-7.68902013e-04	2.62321472e-01
47	14100	6.04546549e+04	8.21072754e+02	3.30975427e+00	1.32711017e-04	3.98389697e+00	5.41212793e+03	1.42089331e+03	3.06004554e-01	2.24481754e+01	1.09057198e+01	-1.90005787e-02	5.24767861e-03	2.62326539e-01
48	14400	5.70501862e+04	8.33214050e+02	3.29084911e+00	1.33299424e-04	3.99694228e+00	5.40929346e+03	1.42172058e+03	3.08802724e-01	2.47056828e+01	9.99159908e+00	-2.25406811e-02	3.82396363e-04	2.64043182e-01
49	14700	6.09573841e+04	8.45212402e+02	3.62666469e+00	1.32523396e-04	3.74695563e+00	5.40187744e+03	1.41987708e+03	2.67143518e-01	2.28676071e+01	1.02433405e+01	-1.70191657e-02	1.27580273e-03	2.61030078e-01
50	15000	6.06116126e+04	8.57064697e+02	4.21179732e+00	1.33300090e-04	3.19649386e+00	5.40708105e+03	1.42357544e+03	2.37282708e-01	2.33318176e+01	1.02350321e+01	-3.63295637e-02	-1.11602375e-03	2.61489868e-01
51	15300	7.37969284e+04	8.68763062e+02	3.72494673e+00	1.32592987e-04	3.66573048e+00	5.41152197e+03	1.41820081e+03	2.45617762e-01	2.47471943e+01	1.00842047e+01	-3.04748006e-02	3.45387403e-03	2.63797939e-01
52	15600	9.00110013e+04	8.80274536e+02	3.80003892e+00	1.32605759e-04	3.60093069e+00	5.40970996e+03	1.42331030e+03	2.54655004e-01	2.38414478e+01	1.17343435e+01	-3.12818773e-02	4.78198007e-03	2.64463335e-01
53	15900	8.45354128e+04	8.91624390e+02	3.81863607e+00	1.32777035e-04	3.58451438e+00	5.40327588e+03	1.41868445e+03	2.40402892e-01	2.44401188e+01	1.04481411e+01	-4.07157987e-02	2.10698415e-03	2.59198397e-01
54	16200	8.09525312e+04	9.02843933e+02	4.13337532e+00	1.33270524e-04	3.28071833e+00	5.40952686e+03	1.42106909e+03	2.15203181e-01	2.47697945e+01	1.11929550e+01	-4.37067598e-02	5.94062079e-03	2.62545049e-01
55	16500	8.88573646e+04	9.13899109e+02	4.07612489e+00	1.33849924e-04	3.33986068e+00	5.40849854e+03	1.41908423e+03	2.16878057e-01	2.33763294e+01	1.07846136e+01	-4.25042138e-02	1.40131335e-03	2.63870627e-01
56	16800	7.69504414e+04	9.24828613e+02	3.89356294e+00	1.33305104e-04	3.51668358e+00	5.40720508e+03	1.42146643e+03	2.31644973e-01	2.36160183e+01	1.12191648e+01	-3.53805684e-02	2.42383662e-03	2.63278186e-01
57	17100	9.06419102e+04	9.35680847e+02	3.86299958e+00	1.33495648e-04	3.54467297e+00	5.40647949e+03	1.42268323e+03	2.47648880e-01	2.31052074e+01	9.95533562e+00	-4.07472737e-02	1.37823820e-03	2.62400001e-01
58	17400	1.04985018e+05	9.46397217e+02	3.79578191e+00	1.33167652e-04	3.60470462e+00	5.40706885e+03	1.41931653e+03	2.90953994e-01	2.34286213e+01	9.85113621e+00	-3.39208245e-02	2.73370114e-03	2.61620462e-01
59	17700	9.63794219e+04	9.57004578e+02	3.53876893e+00	1.33318783e-04	3.81636000e+00	5.40824902e+03	1.42079626e+03	3.13575506e-01	2.41373158e+01	1.02994585e+01	-4.06432971e-02	3.65986140e-03	2.62322545e-01
60	18000	1.10203703e+05	9.67459717e+02	3.47790880e+00	1.33218165e-04	3.86270881e+00	5.40632422e+03	1.42024231e+03	2.91464955e-01	2.45136852e+01	1.11954870e+01	-4.03800383e-02	2.34263251e-03	2.60183215e-01
61	18300	9.18835768e+04	9.77816711e+02	3.50915744e+00	1.33011028e-04	3.83906436e+00	5.40705566e+03	1.42035266e+03	2.65262932e-01	2.35848598e+01	1.00556974e+01	-2.87977234e-02	1.54891599e-03	2.61188418e-01
62	18600	1.00267879e+05	9.88091675e+02	3.59612799e+00	1.33136030e-04	3.77140999e+00	5.41007227e+03	1.41938757e+03	2.40220308e-01	2.50316353e+01	1.07264757e+01	-3.06325890e-02	3.42323305e-03	2.63162047e-01
63	18900	1.03732779e+05	9.98297546e+02	3.24158706e+00	1.34018781e-04	4.03032541e+00	5.41333301e+03	1.41988806e+03	2.79446512e-01	2.35535812e+01	1.09199104e+01	-2.37560421e-02	1.91925094e-03	2.65193880e-01
64	19200	1.08019411e+05	1.00839526e+03	3.71177242e+00	1.33464973e-04	3.67686820e+00	5.40935791e+03	1.42042603e+03	3.27510148e-01	2.42528687e+01	1.00368538e+01	-3.04338448e-02	4.74845851e-03	2.60905892e-01
65	19500	9.93268724e+04	1.01840729e+03	3.91595494e+00	1.32957843e-04	3.49590492e+00	5.40733887e+03	1.41889758e+03	3.10252517e-01	2.44962769e+01	1.03394670e+01	-3.18438374e-02	-2.36016043e-04	2.60882199e-01
66	19800	1.15499552e+05	1.02832812e+03	3.86802604e+00	1.32821703e-04	3.54011273e+00	5.40372998e+03	1.42011047e+03	2.90011883e-01	2.37713451e+01	9.98112392e+00	-3.11735440e-02	1.98218320e-03	2.61104882e-01
67	20100	1.42014661e+05	1.03810938e+03	3.64717327e+00	1.33193523e-04	3.73033643e+00	5.40915479e+03	1.42276086e+03	2.81756848e-01	2.38447800e+01	1.03325481e+01	-2.66322121e-02	3.07546044e-03	2.60826766e-01
68	20400	1.39608572e+05	1.04779517e+03	3.31683864e+00	1.33501186e-04	3.97900105e+00	5.40834619e+03	1.42013806e+03	2.99797744e-01	2.40654373e+01	9.74252510e+00	-2.52800398e-02	1.58131798e-03	2.62797773e-01
69	20700	1.23400811e+05	1.05741968e+03	3.57137497e+00	1.33461017e-04	3.79094887e+00	5.41060596e+03	1.41911877e+03	2.70340800e-01	2.28094597e+01	1.07910566e+01	-2.10299008e-02	1.44315325e-03	2.61491895e-01
70	21000	1.55568375e+05	1.06693896e+03	3.30933278e+00	1.33007455e-04	3.98419690e+00	5.40538916e+03	1.41966321e+03	2.77032226e-01	2.39634857e+01	1.06207151e+01	-2.39600074e-02	2.84790294e-03	2.63140857e-01
71	21300	1.30251487e+05	1.07639014e+03	3.22011420e+00	1.32445390e-04	4.04466438e+00	5.41080811e+03	1.42101050e+03	2.37896100e-01	2.46146450e+01	1.05705061e+01	-2.53817886e-02	3.00990790e-03	2.62379080e-01
72	21600	1.59129240e+05	1.08577734e+03	3.50360173e+00	1.32123455e-04	3.84331179e+00	5.40126562e+03	1.41978589e+03	2.73027122e-01	2.38397999e+01	1.05273142e+01	-2.46658493e-02	4.36463114e-03	2.58073419e-01
73	21900	1.41704527e+05	1.09505310e+03	3.74040990e+00	1.32863219e-04	3.65258431e+00	5.40814844e+03	1.41871460e+03	2.29829654e-01	2.52398453e+01	1.03959761e+01	-3.20615359e-02	1.76573195e-03	2.60108739e-01
74	22200	1.62173018e+05	1.10424097e+03	3.45938137e+00	1.32718207e-04	3.87655401e+00	5.40721191e+03	1.41743652e+03	2.18219206e-01	2.41788158e+01	1.03792524e+01	-2.38425918e-02	3.07473284e-03	2.61531115e-01
75	22500	1.57677747e+05	1.11333850e+03	3.93492406e+00	1.32993139e-04	3.47812319e+00	5.40707471e+03	1.42087671e+03	2.04361483e-01	2.30790138e+01	1.02206898e+01	-2.70443894e-02	4.37919889e-03	2.62147307e-01
76	22800	1.61420677e+05	1.12236865e+03	3.90373354e+00	1.33161461e-04	3.50727415e+00	5.41032080e+03	1.41885413e+03	2.56137639e-01	2.29857616e+01	1.13743525e+01	-2.16222946e-02	4.18202858e-03	2.63630837e-01
77	23100	1.76017190e+05	1.13134241e+03	3.58145217e+00	1.32461777e-04	3.78302264e+00	5.40544824e+03	1.42192273e+03	2.89347470e-01	2.34216709e+01	1.01095886e+01	-1.83220692e-02	2.50419788e-03	2.63195425e-01
78	23400	1.66079753e+05	1.14025293e+03	3.63495836e+00	1.32752788e-04	3.74026680e+00	5.40207373e+03	1.41907068e+03	2.93532312e-01	2.28373184e+01	1.05577440e+01	-1.40557745e-02	4.60351259e-03	2.61361331e-01
79	23700	1.53074464e+05	1.14907361e+03	4.30152824e+00	1.33760994e-04	3.09534860e+00	5.41047314e+03	1.42284521e+03	2.41812944e-01	2.37020493e+01	1.06443205e+01	-2.41060201e-02	2.54575792e-03	2.62820542e-01
80	24000	1.60766305e+05	1.15778296e+03	4.31120480e+00	1.32981380e-04	3.08412313e+00	5.40731543e+03	1.42121851e+03	2.87643015e-01	2.47449417e+01	1.12072525e+01	-2.16939505e-02	1.37089472e-03	2.62158245e-01
81	24300	1.49869197e+05	1.16641650e+03	4.27325267e+00	1.32997639e-04	3.12780809e+00	5.40651074e+03	1.42049768e+03	2.56073147e-01	2.46921902e+01	1.05617552e+01	-1.76360793e-02	3.34169529e-03	2.61587381e-01
82	24600	1.77008232e+05	1.17498669e+03	3.65716335e+00	1.33123266e-04	3.72217226e+00	5.40975049e+03	1.42127991e+03	2.42012039e-01	2.33432236e+01	1.18334322e+01	-1.69776734e-02	8.33283848e-05	2.63005823e-01
83	24900	1.74272552e+05	1.18352698e+03	4.00325047e+00	1.32507917e-04	3.41252112e+00	5.40937598e+03	1.41961975e+03	2.73776472e-01	2.45568466e+01	1.04182234e+01	-2.16923654e-02	4.14874498e-03	2.62288541e-01
84	25200	1.66155438e+05	1.19203992e+03	3.79709158e+00	1.32947092e-04	3.60353184e+00	5.40531641e+03	1.42214587e+03	2.56514668e-01	2.59532356e+01	1.05495539e+01	-2.67690849e-02	2.69267778e-03	2.58729786e-01
85	25500	1.85007617e+05	1.20046106e+03	3.47753797e+00	1.32212613e-04	3.86298490e+00	5.40790283e+03	1.41766504e+03	2.31847644e-01	2.49526958e+01	1.01348934e+01	-2.65204180e-02	3.73963802e-03	2.62251049e-01
86	25800	1.72498151e+05	1.20881458e+03	3.60940428e+00	1.32750534e-04	3.76084852e+00	5.41294824e+03	1.41838477e+03	3.13465029e-01	2.49924850e+01	9.86697483e+00	-2.46917624e-02	1.63881201e-03	2.62320518e-01
87	26100	1.98638016e+05	1.21712524e+03	3.69578688e+00	1.32840171e-04	3.69025493e+00	5.41029150e+03	1.42106763e+03	2.39663363e-01	2.38028469e+01	9.70651913e+00	-3.56294550e-02	1.70871953e-03	2.63223350e-01
88	26400	1.76594645e+05	1.22535376e+03	3.99436582e+00	1.32731214e-04	3.42117858e+00	5.40060938e+03	1.42103381e+03	2.24898949e-01	2.43049603e+01	1.01377306e+01	-2.79514194e-02	1.82783429e-03	2.60429472e-01
89	26700	1.90001797e+05	1.23352173e+03	3.92594955e+00	1.32787570e-04	3.48657107e+00	5.40711377e+03	1.42023999e+03	2.86411941e-01	2.38983326e+01	1.05977907e+01	-3.57219577e-02	3.37462942e-03	2.63888240e-01
90	27000	1.80130305e+05	1.24163232e+03	4.06464397e+00	1.32154882e-04	3.35151649e+00	5.40772461e+03	1.41833887e+03	2.28251204e-01	2.43257446e+01	9.75635815e+00	-4.22654226e-02	5.45904413e-03	2.62291580e-01
91	27300	2.32454099e+05	1.24967346e+03	3.15747137e+00	1.32745985e-04	4.08561754e+00	5.40913867e+03	1.42091858e+03	3.78010750e-01	2.44537144e+01	9.57475376e+00	-3.85026075e-02	1.86480116e-03	2.62606561e-01
92	27600	2.41251659e+05	1.25769202e+03	3.30268752e+00	1.33180069e-04	3.98880029e+00	5.40581738e+03	1.42067871e+03	3.11385721e-01	2.46025848e+01	1.17231979e+01	-4.46857661e-02	4.00555087e-03	2.59864062e-01
93	27900	2.31819341e+05	1.26564282e+03	3.59154427e+00	1.32605449e-04	3.77503395e+00	5.40313818e+03	1.42219922e+03	3.57762963e-01	2.61630058e+01	1.00091600e+01	-3.98343429e-02	2.10216676e-04	2.60241866e-01
94	28200	2.50803854e+05	1.27355029e+03	3.37009187e+00	1.32710920e-04	3.94153476e+00	5.40111377e+03	1.41971338e+03	3.88189942e-01	2.30176983e+01	1.05851946e+01	-4.04743068e-02	-2.26264982e-03	2.60359347e-01
95	28500	2.57041849e+05	1.28140930e+03	3.48406811e+00	1.32539333e-04	3.85807037e+00	5.40791260e+03	1.42329590e+03	4.25991535e-01	2.32204018e+01	1.06876440e+01	-4.47075143e-02	3.04405112e-03	2.62253165e-01
96	28800	2.41022424e+05	1.28922046e+03	3.20590995e+00	1.33417678e-04	4.05405998e+00	5.40989941e+03	1.41884277e+03	4.53123480e-01	2.43840351e+01	1.11685228e+01	-3.90854701e-02	3.76342540e-03	2.62828439e-01
97	29100	2.46956203e+05	1.29699915e+03	3.50171550e+00	1.32531086e-04	3.84471869e+00	5.40714893e+03	1.41877881e+03	3.77467513e-01	2.43698463e+01	1.02092781e+01	-4.45945188e-02	3.47284833e-03	2.61857480e-01
98	29400	2.22032661e+05	1.30470911e+03	3.55208028e+00	1.32966068e-04	3.80603695e+00	5.41432520e+03	1.41864563e+03	3.14409405e-01	2.36936035e+01	9.97859192e+00	-4.41097245e-02	1.68459141e-03	2.65180677e-01
99	29700	2.54685833e+05	1.31236816e+03	3.27527691e+00	1.32870810e-04	4.00759697e+00	5.40874902e+03	1.42112134e+03	3.37185591e-01	2.47558022e+01	1.04659529e+01	-3.61236259e-02	6.05563680e-03	2.61430472e-01
100	30000	2.51433969e+05	1.31999866e+03	3.43005126e+00	1.32417113e-04	3.89820576e+00	5.40930029e+03	1.42064783e+03	2.67247111e-01	2.35899467e+01	1.08778219e+01	-4.07784730e-02	8.49749777e-04	2.63405681e-01
101	30300	2.79780477e+05	1.32758557e+03	3.54588393e+00	1.33081836e-04	3.81085420e+00	5.40927246e+03	1.42177283e+03	2.97957033e-01	2.34786129e+01	1.04828863e+01	-3.63499224e-02	5.76107705e-05	2.63620198e-01
102	30600	2.84124148e+05	1.33511548e+03	3.34450835e+00	1.32941597e-04	3.95965981e+00	5.41019287e+03	1.41944043e+03	2.92414099e-01	2.41855278e+01	1.19500093e+01	-3.58442329e-02	8.73625511e-04	2.62287855e-01
103	30900	3.09183042e+05	1.34263269e+03	3.28452123e+00	1.33477121e-04	4.00127697e+00	5.40704688e+03	1.41765576e+03	3.25736880e-01	2.45487995e+01	1.01777849e+01	-4.22969386e-02	-8.27150245e-04	2.62715995e-01
104	31200	3.31573706e+05	1.35009082e+03	3.13937351e+00	1.32638064e-04	4.09723234e+00	5.40763525e+03	1.42103735e+03	2.88404703e-01	2.31606159e+01	1.01625032e+01	-3.49872373e-02	1.41595141e-03	2.62018442e-01
105	31500	3.05227969e+05	1.35749011e+03	3.21452404e+00	1.33296080e-04	4.04838753e+00	5.40420996e+03	1.42117712e+03	3.15563560e-01	2.31588326e+01	9.84432983e+00	-3.60316075e-02	3.99934780e-03	2.61014819e-01
106	31800	3.41423854e+05	1.36486926e+03	3.21750037e+00	1.32129526e-04	4.04640961e+00	5.40622070e+03	1.42139294e+03	2.93366164e-01	2.49626045e+01	1.05882950e+01	-2.97681466e-02	3.53299873e-03	2.61647046e-01
107	32100	3.26335333e+05	1.37221155e+03	3.22157781e+00	1.32884095e-04	4.04369164e+00	5.40925342e+03	1.41940063e+03	3.76639843e-01	2.54005527e+01	1.01292143e+01	-3.55501808e-02	1.88395279e-04	2.62361556e-01
108	32400	3.47530685e+05	1.37951477e+03	3.30191240e+00	1.32175404e-04	3.98932648e+00	5.41157324e+03	1.41824365e+03	3.00251037e-01	2.51901970e+01	1.13293943e+01	-3.35638449e-02	1.81742932e-03	2.62917668e-01
109	32700	3.25066250e+05	1.38677112e+03	3.36330320e+00	1.32503514e-04	3.94634962e+00	5.41274609e+03	1.42138330e+03	2.64813036e-01	2.46999626e+01	9.97437763e+00	-3.73480618e-02	1.40950968e-03	2.65545547e-01
110	33000	3.73179562e+05	1.39395740e+03	3.26411235e+00	1.32877407e-04	4.01516724e+00	5.41035840e+03	1.41829639e+03	3.27351779e-01	2.48280506e+01	1.07231817e+01	-3.12056951e-02	1.51708385e-03	2.62421072e-01
111	33300	3.49091333e+05	1.40109692e+03	3.98456724e+00	1.33495261e-04	3.43070722e+00	5.40780322e+03	1.42098877e+03	2.60225356e-01	2.37400341e+01	1.01147451e+01	-3.39497142e-02	1.29409926e-03	2.62933344e-01
112	33600	3.88996453e+05	1.40822913e+03	3.58575051e+00	1.32631472e-04	3.77962542e+00	5.40624121e+03	1.42065088e+03	3.17464650e-01	2.42030048e+01	1.04918957e+01	-3.13399397e-02	1.33159163e-03	2.61400282e-01
113	33900	4.31336802e+05	1.41531042e+03	3.42424065e+00	1.33536683e-04	3.90244722e+00	5.41081152e+03	1.41936829e+03	2.92568117e-01	2.36501598e+01	1.11539221e+01	-3.27016637e-02	2.17203936e-03	2.62977481e-01
114	34200	4.56787870e+05	1.42234668e+03	3.49444852e+00	1.33416875e-04	3.85023880e+00	5.41024414e+03	1.42250879e+03	3.09629530e-01	2.39239407e+01	1.03937540e+01	-2.80572269e-02	3.42851039e-03	2.60078490e-01
115	34500	4.21977984e+05	1.42934485e+03	3.28794119e+00	1.32934874e-04	3.99895525e+00	5.40686377e+03	1.41935559e+03	3.28892678e-01	2.64746742e+01	1.02988920e+01	-3.72668058e-02	4.02488466e-03	2.62661397e-01
116	34800	4.32002146e+05	1.43631409e+03	3.93081422e+00	1.33038044e-04	3.48199487e+00	5.40657031e+03	1.41927991e+03	2.37989947e-01	2.59472866e+01	1.01044636e+01	-2.96561010e-02	5.26921265e-03	2.63542622e-01
117	35100	4.53427750e+05	1.44323730e+03	3.49444024e+00	1.32927366e-04	3.85023618e+00	5.40877490e+03	1.42025366e+03	2.46982887e-01	2.51048737e+01	1.12526140e+01	-2.63560582e-02	3.38564720e-03	2.64438331e-01
118	35400	4.56617005e+05	1.45012048e+03	4.05232276e+00	1.33140383e-04	3.36391616e+00	5.41143213e+03	1.42055627e+03	2.58101761e-01	2.40281773e+01	1.02988491e+01	-3.19966339e-02	4.34482703e-03	2.62005091e-01
119	35700	4.31627453e+05	1.45698804e+03	3.98737826e+00	1.33068296e-04	3.42798042e+00	5.40924756e+03	1.42242224e+03	2.13495806e-01	2.29118137e+01	1.08491564e+01	-1.98153351e-02	2.06137472e-03	2.62725115e-01
120	36000	4.71145531e+05	1.46379736e+03	3.70247161e+00	1.33372926e-04	3.68466997e+00	5.40948535e+03	1.42166064e+03	2.72403926e-01	2.43545208e+01	1.07981615e+01	-1.61997359e-02	1.13458443e-03	2.63181835e-01
121	36300	4.73474318e+05	1.47058325e+03	3.47100388e+00	1.33345587e-04	3.86788392e+00	5.41356104e+03	1.42000110e+03	2.91407198e-01	2.38238201e+01	1.20984840e+01	-1.46002965e-02	1.54150577e-04	2.64721602e-01
122	36600	5.32557255e+05	1.47733606e+03	2.75647720e+00	1.33443409e-04	4.32065821e+00	5.40568604e+03	1.42252112e+03	4.35266167e-01	2.38332577e+01	1.03802605e+01	-6.21194392e-03	1.69196597e-03	2.63706416e-01
123	36900	6.05068969e+05	1.48408020e+03	2.54039758e+00	1.32766846e-04	4.42966223e+00	5.41273682e+03	1.42051648e+03	4.66850132e-01	2.47802048e+01	1.06624479e+01	-3.08323884e-03	3.17893759e-03	2.64227182e-01
124	37200	6.12290135e+05	1.49079712e+03	3.01463292e+00	1.33267584e-04	4.17456913e+00	5.41573877e+03	1.42115283e+03	3.90058726e-01	2.28748569e+01	1.04065380e+01	-1.09199705e-02	3.72147071e-03	2.64381438e-01
125	37500	5.90222786e+05	1.49749329e+03	2.89334803e+00	1.33151202e-04	4.24546432e+00	5.40725098e+03	1.41958313e+03	4.25578743e-01	2.34312820e+01	1.03479548e+01	-2.61088344e-03	2.81972717e-03	2.62540936e-01
126	37800	6.07664609e+05	1.50417651e+03	2.46425203e+00	1.33050052e-04	4.46536398e+00	5.40794336e+03	1.41649219e+03	4.49421793e-01	2.45966396e+01	1.05137892e+01	-4.75466531e-03	1.81362266e-03	2.61489570e-01
127	38100	6.50311031e+05	1.51081189e+03	3.05167626e+00	1.33190989e-04	4.15206909e+00	5.40791406e+03	1.42187451e+03	3.88073325e-01	2.70902157e+01	1.11394987e+01	-9.36953258e-03	3.27453995e-03	2.61389762e-01
128	38400	6.76343510e+05	1.51741675e+03	3.52817419e+00	1.33717042e-04	3.82453752e+00	5.40977393e+03	1.41834949e+03	3.08640391e-01	2.40273609e+01	9.96957302e+00	-1.51966745e-02	2.63839727e-03	2.61838406e-01
129	38700	6.11482833e+05	1.52398413e+03	4.33389299e+00	1.32907474e-04	3.05748987e+00	5.40689648e+03	1.41822742e+03	2.42649421e-01	2.28609161e+01	1.08340273e+01	-3.35217640e-02	2.74479343e-03	2.61430323e-01
130	39000	6.35601302e+05	1.53052979e+03	4.14974680e+00	1.32365774e-04	3.26345181e+00	5.40045361e+03	1.41984717e+03	2.54568905e-01	2.28930378e+01	1.12168999e+01	-3.50195840e-02	3.12507385e-03	2.62311608e-01
131	39300	5.83772312e+05	1.53711121e+03	4.23444302e+00	1.33603345e-04	3.17149329e+00	5.40544336e+03	1.42124939e+03	2.28123471e-01	2.44474640e+01	9.87470722e+00	-3.55043113e-02	-6.66146443e-05	2.62584090e-01
132	39600	6.56914885e+05	1.54370142e+03	3.95674808e+00	1.32856287e-04	3.45745611e+00	5.40592822e+03	1.42107788e+03	2.59398371e-01	2.37853622e+01	1.06429033e+01	-3.23150977e-02	4.07526549e-03	2.59583294e-01
133	39900	6.88249479e+05	1.55023340e+03	3.77473759e+00	1.32628191e-04	3.62304711e+00	5.41228418e+03	1.42084631e+03	2.39179060e-01	2.44115410e+01	1.06532984e+01	-3.42434086e-02	4.71782917e-03	2.64067233e-01
134	40200	7.16757615e+05	1.55674609e+03	3.73246592e+00	1.33532813e-04	3.65934682e+00	5.40732373e+03	1.42068921e+03	2.23547116e-01	2.37414455e+01	1.04696169e+01	-3.42672169e-02	2.74986634e-03	2.62187064e-01
135	40500	6.14706245e+05	1.56319800e+03	3.43100686e+00	1.33372348e-04	3.89750218e+00	5.40804102e+03	1.41852246e+03	2.81091005e-01	2.50506706e+01	1.00425138e+01	-3.24363410e-02	4.01062472e-03	2.64050215e-01
136	40800	5.67601318e+05	1.56961560e+03	4.00187851e+00	1.32860921e-04	3.41387129e+00	5.40576416e+03	1.42124585e+03	2.04923257e-01	2.30303974e+01	9.87678814e+00	-3.66517566e-02	2.99417693e-03	2.61539131e-01
137	41100	5.64874156e+05	1.57601733e+03	4.41074323e+00	1.33380872e-04	2.96448708e+00	5.41477734e+03	1.42123584e+03	1.88892588e-01	2.33852005e+01	1.02103128e+01	-3.41451578e-02	1.69601408e-03	2.62725294e-01
138	41400	6.38509906e+05	1.58243274e+03	4.06886978e+00	1.33812664e-04	3.34721351e+00	5.41173877e+03	1.42153772e+03	2.22126484e-01	2.37097244e+01	1.06739111e+01	-4.68472652e-02	2.31980276e-03	2.63632238e-01
139	41700	6.32121135e+05	1.58885315e+03	3.97028289e+00	1.32964227e-04	3.44446659e+00	5.40598096e+03	1.41847705e+03	2.20109031e-01	2.50889034e+01	1.04679317e+01	-3.93577591e-02	3.69092217e-03	2.61863738e-01
140	42000	6.28064469e+05	1.59529492e+03	4.42799503e+00	1.32720394e-04	2.94298911e+00	5.40900635e+03	1.42082239e+03	2.42370978e-01	2.25837440e+01	1.12143583e+01	-3.84107307e-02	8.81824235e-04	2.61692435e-01
141	42300	6.44318766e+05	1.60169360e+03	4.49475271e+00	1.33197687e-04	2.85744286e+00	5.40768896e+03	1.42175854e+03	2.07802117e-01	2.44960289e+01	1.03682404e+01	-4.74481173e-02	3.44356033e-03	2.62654424e-01
142	42600	7.20029542e+05	1.60802856e+03	3.80820516e+00	1.32964068e-04	3.59372425e+00	5.40826123e+03	1.41846692e+03	2.29730919e-01	2.31076450e+01	1.01406097e+01	-4.07898612e-02	3.00464546e-03	2.62746394e-01
143	42900	6.78016021e+05	1.61430688e+03	3.80072068e+00	1.32903924e-04	3.60036540e+00	5.40819434e+03	1.42027185e+03	2.68632144e-01	2.48409405e+01	1.05073118e+01	-3.66524979e-02	2.83650262e-03	2.62607306e-01
144	43200	7.26265094e+05	1.62057092e+03	3.80339903e+00	1.32645551e-04	3.59798670e+00	5.40558496e+03	1.41994995e+03	2.94941694e-01	2.41450996e+01	1.01760139e+01	-2.86236666e-02	1.85721240e-03	2.61347353e-01
145	43500	7.25279198e+05	1.62682373e+03	3.58304646e+00	1.33337186e-04	3.78177142e+00	5.40550586e+03	1.41950134e+03	2.98998266e-01	2.89588127e+01	1.21451454e+01	-3.23767662e-02	5.04052686e-03	2.59370148e-01
146	43800	7.03934083e+05	1.63306885e+03	3.89199273e+00	1.33667191e-04	3.51815510e+00	5.41041748e+03	1.42033203e+03	3.43246222e-01	2.34196568e+01	1.15603027e+01	-2.78011169e-02	1.62146275e-03	2.62348145e-01
147	44100	6.84038432e+05	1.63928223e+03	3.94802194e+00	1.33063185e-04	3.46575260e+00	5.41256250e+03	1.41978589e+03	3.24828565e-01	2.34518929e+01	9.72580719e+00	-3.00357640e-02	9.07470312e-05	2.63815731e-01
148	44400	7.81835073e+05	1.64543140e+03	3.96250102e+00	1.33243772e-04	3.45194912e+00	5.41206250e+03	1.42103308e+03	2.74384946e-01	2.39997902e+01	1.10963793e+01	-3.53087895e-02	2.47365097e-03	2.64982104e-01
149	44700	7.39733385e+05	1.65156787e+03	3.75540837e+00	1.32242298e-04	3.63976312e+00	5.40795703e+03	1.42090881e+03	3.21163207e-01	2.53027306e+01	1.02100744e+01	-2.54608691e-02	4.23391582e-03	2.64573783e-01
150	45000	8.40407979e+05	1.65765283e+03	3.89407076e+00	1.33006862e-04	3.51623631e+00	5.40737598e+03	1.42045227e+03	2.88440406e-01	2.28157482e+01	1.06089802e+01	-2.86992509e-02	2.74209218e-04	2.64413744e-01
151	45300	7.82895500e+05	1.66370081e+03	3.57876922e+00	1.33133670e-04	3.78517008e+00	5.40846289e+03	1.42124121e+03	3.38806361e-01	2.30416546e+01	1.04292212e+01	-2.84942891e-02	1.46170438e-03	2.63361126e-01
152	45600	7.90576375e+05	1.66972583e+03	3.64438052e+00	1.33756370e-04	3.73260450e+00	5.40862354e+03	1.41985864e+03	3.51969749e-01	2.40313587e+01	1.03687172e+01	-3.28482799e-02	5.07546472e-04	2.62634099e-01
153	45900	8.10329250e+05	1.67571704e+03	3.60996730e+00	1.32708097e-04	3.76037598e+00	5.40062012e+03	1.41908337e+03	3.12753201e-01	2.53159351e+01	1.01343012e+01	-2.88069323e-02	1.23525853e-03	2.60891736e-01
154	46200	9.11135188e+05	1.68167957e+03	3.47903833e+00	1.33211868e-04	3.86184072e+00	5.40430371e+03	1.41993176e+03	3.48151833e-01	2.62709255e+01	1.09444418e+01	-3.14692520e-02	1.93341973e-03	2.59979784e-01
155	46500	8.52269938e+05	1.68762561e+03	3.46286640e+00	1.33189089e-04	3.87393284e+00	5.41383398e+03	1.42157300e+03	3.45969051e-01	2.30899315e+01	1.05506620e+01	-2.00982373e-02	3.19929025e-03	2.62342662e-01
156	46800	8.24063740e+05	1.69353394e+03	3.60822372e+00	1.33041077e-04	3.76176047e+00	5.40806006e+03	1.41875183e+03	3.46667647e-01	2.62630119e+01	1.01029520e+01	-2.84721293e-02	7.94586304e-05	2.62021124e-01
157	47100	9.26726385e+05	1.69944446e+03	3.19519820e+00	1.33144123e-04	4.06109571e+00	5.40601318e+03	1.41867493e+03	3.27620447e-01	2.49032784e+01	1.06154776e+01	-2.48837788e-02	1.13994203e-04	2.61597991e-01
158	47400	9.76569677e+05	1.70535071e+03	3.36163091e+00	1.32620389e-04	3.94754696e+00	5.40317480e+03	1.41590991e+03	3.48642468e-01	2.66504478e+01	9.76593781e+00	-2.54400000e-02	1.92834134e-03	2.62646943e-01
159	47700	8.93054688e+05	1.71123279e+03	3.55170177e+00	1.32609970e-04	3.80632544e+00	5.41078271e+03	1.41939075e+03	2.67899066e-01	2.33641720e+01	1.02094278e+01	-2.72585284e-02	3.00411112e-03	2.64822155e-01
160	48000	9.33305844e+05	1.71710327e+03	3.28657013e+00	1.33201512e-04	3.99988651e+00	5.40305859e+03	1.42086548e+03	3.08669597e-01	2.39907227e+01	1.02335329e+01	-2.01255605e-02	2.22961814e-03	2.60244906e-01
161	48300	1.03760214e+06	1.72293262e+03	3.38580756e+00	1.32025205e-04	3.93030119e+00	5.40122607e+03	1.41827148e+03	2.96151668e-01	2.51497536e+01	1.13664064e+01	-2.54058801e-02	2.30017607e-03	2.60376751e-01
162	48600	8.78940062e+05	1.72873511e+03	3.57870199e+00	1.33425171e-04	3.78519869e+00	5.40996240e+03	1.41900452e+03	2.54385054e-01	2.41876850e+01	1.05116253e+01	-2.49702204e-02	3.07364389e-03	2.63787389e-01
163	48900	9.69216260e+05	1.73454016e+03	3.45242970e+00	1.33383477e-04	3.88168049e+00	5.41049023e+03	1.42203198e+03	2.52407372e-01	2.36659050e+01	1.06063986e+01	-2.74686385e-02	4.10351343e-03	2.63523191e-01
164	49200	1.01264686e+06	1.74030542e+03	3.47062685e+00	1.33146453e-04	3.86814308e+00	5.40338574e+03	1.41769934e+03	2.17278019e-01	2.51243591e+01	9.76195908e+00	-2.43284721e-02	1.62258220e-03	2.60011017e-01
165	49500	9.26218062e+05	1.74603564e+03	3.72668111e+00	1.33086837e-04	3.66427088e+00	5.40930518e+03	1.42190540e+03	2.99730033e-01	2.57531490e+01	1.09881430e+01	-2.51101460e-02	3.96312447e-04	2.65349895e-01
166	49800	9.39401771e+05	1.75175281e+03	3.66442435e+00	1.32801937e-04	3.71623659e+00	5.40781152e+03	1.42211438e+03	2.15919003e-01	2.45317822e+01	9.89519024e+00	-2.65848916e-02	-1.92745472e-04	2.62195945e-01
167	50100	9.45675979e+05	1.75745325e+03	3.64497052e+00	1.33511390e-04	3.73212671e+00	5.41055518e+03	1.42291333e+03	2.13018492e-01	2.47580338e+01	1.00715437e+01	-2.41451785e-02	1.24468771e-03	2.64921486e-01
168	50400	9.72039792e+05	1.76313220e+03	3.64488763e+00	1.33110593e-04	3.73219585e+00	5.40460205e+03	1.41696521e+03	2.61461139e-01	2.64636955e+01	1.08025579e+01	-2.57371292e-02	4.11543017e-03	2.61058390e-01
169	50700	1.04538284e+06	1.76878198e+03	3.46016821e+00	1.33159118e-04	3.87594724e+00	5.40647363e+03	1.41879028e+03	2.25494549e-01	2.44154396e+01	1.03068161e+01	-3.22895460e-02	2.92853243e-03	2.62432098e-01
170	51000	1.00427695e+06	1.77435754e+03	3.76051324e+00	1.32593238e-04	3.63536119e+00	5.40876123e+03	1.41802551e+03	2.63803810e-01	2.33607960e+01	1.04431524e+01	-2.89922375e-02	3.52663803e-03	2.62484074e-01
171	51300	9.02547885e+05	1.77990466e+03	3.88860299e+00	1.33559557e-04	3.52125573e+00	5.40675146e+03	1.42082178e+03	2.18984500e-01	2.55908432e+01	1.10185118e+01	-1.82166882e-02	1.08847499e-03	2.62488574e-01
172	51600	1.02060602e+06	1.78543835e+03	3.85030194e+00	1.33468824e-04	3.55613184e+00	5.40963916e+03	1.42189807e+03	2.16604874e-01	2.37167912e+01	1.04592180e+01	-3.18543725e-02	2.50853179e-03	2.63721734e-01
173	51900	9.56107292e+05	1.79097119e+03	3.87670329e+00	1.33039817e-04	3.53217840e+00	5.40509424e+03	1.42069592e+03	2.29075059e-01	2.36466312e+01	1.07432632e+01	-2.21949350e-02	2.35034851e-03	2.61017174e-01
174	52200	1.09109892e+06	1.79651331e+03	3.82438443e+00	1.33169653e-04	3.57941461e+00	5.40823047e+03	1.42106274e+03	2.72646040e-01	2.43860569e+01	1.04634790e+01	-3.89016159e-02	7.19683187e-04	2.63145030e-01
175	52500	9.21374917e+05	1.80203015e+03	4.15631817e+00	1.33258982e-04	3.25646996e+00	5.41209912e+03	1.42187366e+03	2.93305069e-01	2.36484070e+01	1.07223616e+01	-3.16847600e-02	4.39764466e-03	2.63955534e-01
176	52800	9.57265094e+05	1.80752026e+03	4.06803559e+00	1.32410238e-04	3.34807944e+00	5.41000928e+03	1.42063208e+03	2.68121392e-01	2.51353359e+01	1.10361547e+01	-3.66724320e-02	2.55423191e-04	2.63637036e-01
177	53100	9.83125208e+05	1.81302429e+03	4.53191044e+00	1.32888506e-04	2.80811334e+00	5.41249512e+03	1.42265710e+03	2.17035964e-01	2.50667477e+01	1.13703346e+01	-4.98220921e-02	1.48611364e-03	2.65029222e-01
178	53400	1.02711827e+06	1.81854578e+03	4.32353073e+00	1.33709470e-04	3.06967902e+00	5.40806348e+03	1.42017773e+03	2.34150723e-01	2.42448711e+01	1.05603800e+01	-4.28862721e-02	1.64565467e-03	2.62717396e-01
179	53700	1.10820995e+06	1.82402478e+03	4.19885541e+00	1.33236627e-04	3.21066260e+00	5.40986328e+03	1.42147217e+03	2.79442549e-01	2.39677143e+01	1.00290136e+01	-4.04797830e-02	-1.25666804e-04	2.61967361e-01
180	54000	1.10877446e+06	1.82950598e+03	4.31576118e+00	1.33161169e-04	3.07878709e+00	5.41069336e+03	1.42373340e+03	2.50732720e-01	2.70781212e+01	9.95911407e+00	-3.25610004e-02	5.31270751e-04	2.64096111e-01
181	54300	1.08872383e+06	1.83493164e+03	3.95064564e+00	1.32246727e-04	3.46322250e+00	5.40122217e+03	1.42107812e+03	2.39647642e-01	2.39614754e+01	1.12891922e+01	-4.54850532e-02	3.70952208e-03	2.60190129e-01
182	54600	1.09560109e+06	1.84037158e+03	4.08698071e+00	1.32285280e-04	3.32880235e+00	5.40872559e+03	1.41988135e+03	2.89478868e-01	2.48285255e+01	1.13765631e+01	-3.32268067e-02	1.16383890e-03	2.61693001e-01
183	54900	1.03067943e+06	1.84580908e+03	4.41438551e+00	1.32414719e-04	2.95996428e+00	5.40359375e+03	1.42139832e+03	2.28865489e-01	2.29102917e+01	9.95755482e+00	-4.55346145e-02	2.04903865e-03	2.60554731e-01
184	55200	1.07188885e+06	1.85121411e+03	4.22820390e+00	1.33568780e-04	3.17843604e+00	5.40514844e+03	1.42194434e+03	2.54811406e-01	2.73676395e+01	1.09107809e+01	-3.85579057e-02	2.39937450e-03	2.59964436e-01
185	55500	1.06494620e+06	1.85657935e+03	4.36928940e+00	1.32415197e-04	3.01522136e+00	5.41341748e+03	1.42123999e+03	2.63424546e-01	2.41453629e+01	1.02825079e+01	-3.72182876e-02	8.14035011e-04	2.64633894e-01
186	55800	1.12091796e+06	1.86193152e+03	4.01455577e+00	1.33610620e-04	3.40147495e+00	5.40567822e+03	1.42018591e+03	2.82305121e-01	2.55575809e+01	1.01265001e+01	-3.50540355e-02	2.33755563e-03	2.61315763e-01
187	56100	1.02193655e+06	1.86729553e+03	4.13961602e+00	1.32967696e-04	3.27413845e+00	5.40407715e+03	1.42030188e+03	2.56636441e-01	2.38245258e+01	1.09253883e+01	-3.91702019e-02	5.58078662e-03	2.61222363e-01
188	56400	1.08063822e+06	1.87266077e+03	4.12139638e+00	1.32791872e-04	3.29325914e+00	5.41045166e+03	1.41909570e+03	2.54118055e-01	2.31822281e+01	9.76637745e+00	-3.44009250e-02	1.45553006e-03	2.62410343e-01
189	56700	1.13463758e+06	1.87806506e+03	4.04750137e+00	1.32876479e-04	3.36878562e+00	5.40411182e+03	1.41864600e+03	2.85829306e-01	2.49719429e+01	9.89256001e+00	-3.65629643e-02	4.80699446e-03	2.61077881e-01
190	57000	1.15367110e+06	1.88343823e+03	4.32743736e+00	1.33613628e-04	3.06507325e+00	5.41111670e+03	1.42065784e+03	2.23946050e-01	2.34532089e+01	1.12640533e+01	-3.66978087e-02	1.18533103e-03	2.66340852e-01
191	57300	1.15263288e+06	1.88881360e+03	4.52152580e+00	1.32412581e-04	2.82200575e+00	5.40812061e+03	1.42031470e+03	2.21585989e-01	2.34038372e+01	1.03803663e+01	-3.56441662e-02	2.95626884e-03	2.62536645e-01
192	57600	1.09005696e+06	1.89416211e+03	4.02741185e+00	1.33669064e-04	3.38874555e+00	5.41159424e+03	1.42175537e+03	2.36176118e-01	2.45283127e+01	1.12200012e+01	-4.25643325e-02	3.35004239e-04	2.62900919e-01
193	57900	1.25452225e+06	1.89946399e+03	3.84745488e+00	1.32466123e-04	3.55873704e+00	5.40381445e+03	1.41822131e+03	2.60766298e-01	2.40715084e+01	1.08055811e+01	-4.47240025e-02	3.54936719e-03	2.61735678e-01
194	58200	1.08922435e+06	1.90476147e+03	4.23595176e+00	1.32895386e-04	3.16979194e+00	5.40566455e+03	1.42238672e+03	2.18670920e-01	2.57093010e+01	1.09338036e+01	-3.44488099e-02	1.97183550e-03	2.62439907e-01
195	58500	1.24213861e+06	1.91005566e+03	4.12067010e+00	1.32535534e-04	3.29403377e+00	5.40824316e+03	1.41910315e+03	2.63775498e-01	2.34922600e+01	1.02485743e+01	-2.90478189e-02	3.21231177e-03	2.59963781e-01
196	58800	1.26864288e+06	1.91534436e+03	3.60086732e+00	1.33388075e-04	3.76764774e+00	5.40636621e+03	1.41867993e+03	2.81220406e-01	2.55271378e+01	1.04164371e+01	-3.47944684e-02	2.58871191e-03	2.63596714e-01
197	59100	1.31161126e+06	1.92063745e+03	3.85291219e+00	1.33480561e-04	3.55378985e+00	5.41299219e+03	1.42269324e+03	2.74777412e-01	2.35656090e+01	1.15022306e+01	-4.00232933e-02	2.72857118e-03	2.61798710e-01
198	59400	1.35634481e+06	1.92591907e+03	3.83543857e+00	1.32943505e-04	3.56951928e+00	5.40209521e+03	1.42437329e+03	2.57051259e-01	2.38831100e+01	1.05147295e+01	-4.00467701e-02	4.13091108e-03	2.60648847e-01
199	59700	1.25979838e+06	1.93118481e+03	3.98688735e+00	1.32485737e-04	3.42845750e+00	5.40529053e+03	1.41893579e+03	2.15380982e-01	2.41633282e+01	1.04052286e+01	-4.04626913e-02	5.05566690e-03	2.61441290e-01
200	60000	1.24373238e+06	1.93644714e+03	3.58355416e+00	1.32601527e-04	3.78137660e+00	5.40413672e+03	1.41940930e+03	3.04585129e-01	2.38844604e+01	1.02593880e+01	-2.83999480e-02	4.17812075e-03	2.61947006e-01
201	60300	1.38558950e+06	1.94168384e+03	4.30394434e+00	1.32720775e-04	3.09254575e+00	5.40817871e+03	1.42086523e+03	2.93644100e-01	2.57906437e+01	1.02253771e+01	-4.45885323e-02	1.84138305e-03	2.64026850e-01
202	60600	1.33776894e+06	1.94688550e+03	4.04611993e+00	1.33622814e-04	3.37013268e+00	5.40868652e+03	1.42152844e+03	2.91310936e-01	2.42341900e+01	1.01262865e+01	-4.34834510e-02	1.83596229e-03	2.65725106e-01
203	60900	1.23591273e+06	1.95207153e+03	3.89609574e+00	1.33192506e-04	3.51434493e+00	5.41449365e+03	1.41960876e+03	2.79868394e-01	2.38301125e+01	1.01673689e+01	-3.18799056e-02	1.99958473e-03	2.62367100e-01
204	61200	1.25046894e+06	1.95724817e+03	4.10934195e+00	1.32655829e-04	3.30579162e+00	5.40949170e+03	1.42007556e+03	2.74679929e-01	2.46586914e+01	1.00887814e+01	-4.02523428e-02	4.61539580e-03	2.64075220e-01
205	61500	1.26587198e+06	1.96239380e+03	3.90621494e+00	1.33643741e-04	3.50499010e+00	5.41111377e+03	1.42347009e+03	2.25712076e-01	2.37778549e+01	1.06196127e+01	-4.36768457e-02	2.91300705e-03	2.64348358e-01
206	61800	1.32917993e+06	1.96753198e+03	3.91079609e+00	1.31943632e-04	3.50075126e+00	5.40569287e+03	1.42199670e+03	2.37384751e-01	2.51036663e+01	1.04652014e+01	-2.98332684e-02	2.71522650e-03	2.61719584e-01
207	62100	1.17014723e+06	1.97265088e+03	4.18427704e+00	1.32383333e-04	3.22652245e+00	5.40034912e+03	1.41976782e+03	2.32076779e-01	2.31529560e+01	1.01415243e+01	-3.60596478e-02	2.57466105e-03	2.59372354e-01
208	62400	1.17649144e+06	1.97777148e+03	4.08412369e+00	1.32865162e-04	3.33174181e+00	5.41178223e+03	1.41926208e+03	2.62359709e-01	2.58150826e+01	1.01345854e+01	-3.04824654e-02	1.52961758e-03	2.62673587e-01
209	62700	1.17401489e+06	1.98287866e+03	3.93861383e+00	1.33263214e-04	3.47464633e+00	5.40668994e+03	1.41924902e+03	2.38438115e-01	2.38743286e+01	1.07073240e+01	-2.91538574e-02	1.47630577e-03	2.61484236e-01
210	63000	1.21958667e+06	1.98801941e+03	4.44626358e+00	1.33411895e-04	2.91999722e+00	5.40478369e+03	1.42360632e+03	2.68372804e-01	2.52007408e+01	1.02380257e+01	-4.63023372e-02	1.98065490e-03	2.61584878e-01
211	63300	1.03866783e+06	1.99312939e+03	4.60400268e+00	1.32250152e-04	2.70862961e+00	5.40891455e+03	1.41805078e+03	1.96153417e-01	2.43383427e+01	9.92842484e+00	-3.99908721e-02	4.09706123e-03	2.62301296e-01
212	63600	1.17057444e+06	1.99824011e+03	3.69624781e+00	1.33294144e-04	3.68989468e+00	5.40325439e+03	1.41912390e+03	3.50825697e-01	2.52657967e+01	1.20152197e+01	-2.88131814e-02	6.45961892e-03	2.60607809e-01
213	63900	1.26735512e+06	2.00332922e+03	4.49390864e+00	1.33194307e-04	2.85850215e+00	5.40855615e+03	1.41769104e+03	1.85300425e-01	2.41558971e+01	1.07877197e+01	-2.51283683e-02	1.87250786e-03	2.62907952e-01
214	64200	1.14683975e+06	2.00839551e+03	4.27737356e+00	1.33281241e-04	3.12312818e+00	5.41748242e+03	1.41677539e+03	2.21579000e-01	2.38119698e+01	1.09873075e+01	-2.86583267e-02	2.99033104e-03	2.65162289e-01
215	64500	1.00521318e+06	2.01344409e+03	4.55219966e+00	1.33178160e-04	2.78064656e+00	5.40737842e+03	1.41998328e+03	2.72411257e-01	2.53378830e+01	1.04910288e+01	-3.07492893e-02	3.05581209e-03	2.62494296e-01
216	64800	1.11221853e+06	2.01852795e+03	3.96407517e+00	1.33269633e-04	3.45039940e+00	5.40650781e+03	1.42079626e+03	3.13359588e-01	2.37544708e+01	1.04665556e+01	-3.31760496e-02	3.22025642e-03	2.63325036e-01
217	65100	1.08590500e+06	2.02358789e+03	4.41896834e+00	1.33748900e-04	2.95429730e+00	5.40519824e+03	1.42048901e+03	2.73062885e-01	2.36885242e+01	1.03461008e+01	-3.06523610e-02	2.09517614e-03	2.63491333e-01
218	65400	1.12746110e+06	2.02860059e+03	4.39436415e+00	1.33141683e-04	2.98473215e+00	5.41116162e+03	1.42207227e+03	2.87551969e-01	2.25130463e+01	1.03996038e+01	-2.55762171e-02	2.32020044e-03	2.64362603e-01
219	65700	1.10915703e+06	2.03360974e+03	3.86627670e+00	1.33269899e-04	3.54170203e+00	5.41047314e+03	1.42156323e+03	3.62531036e-01	2.54870796e+01	9.88473892e+00	-2.41458751e-02	5.07245352e-03	2.64175177e-01
220	66000	1.10060964e+06	2.03860461e+03	4.14570786e+00	1.32135575e-04	3.26774907e+00	5.40915771e+03	1.41996777e+03	3.03463578e-01	2.65226688e+01	1.04645224e+01	-1.63668673e-02	2.49638641e-03	2.62076139e-01
221	66300	1.15865907e+06	2.04362610e+03	4.18715853e+00	1.32418312e-04	3.22339892e+00	5.40612402e+03	1.41971265e+03	2.62007862e-01	2.33492241e+01	9.82465267e+00	-2.50570700e-02	2.10112683e-03	2.63152957e-01
222	66600	1.16394761e+06	2.04861084e+03	4.01314153e+00	1.33416155e-04	3.40284634e+00	5.40779443e+03	1.41928833e+03	3.12818646e-01	2.69453735e+01	1.10139189e+01	-2.01628022e-02	1.22667523e-03	2.61167169e-01
223	66900	9.61872083e+05	2.05356787e+03	4.31156969e+00	1.32898197e-04	3.08369899e+00	5.40758936e+03	1.42127954e+03	2.40849003e-01	2.35142879e+01	1.03408918e+01	-2.92135980e-02	2.81997165e-03	2.60886759e-01
224	67200	1.00379647e+06	2.05851196e+03	4.56872460e+00	1.32944608e-04	2.75792527e+00	5.40845947e+03	1.41776746e+03	2.28761315e-01	2.43219795e+01	1.05489359e+01	-2.47224048e-02	1.47660496e-03	2.60708094e-01
225	67500	1.20208550e+06	2.06343604e+03	4.25917329e+00	1.33253887e-04	3.14375567e+00	5.41075928e+03	1.41668958e+03	2.53361255e-01	2.28603363e+01	9.53154278e+00	-3.98375057e-02	4.48129745e-03	2.62909353e-01
226	67800	1.09657525e+06	2.06835449e+03	4.28050466e+00	1.32572353e-04	3.11952639e+00	5.40528760e+03	1.42073120e+03	2.31073901e-01	2.33127899e+01	1.06975908e+01	-1.99576225e-02	1.16515509e-03	2.61007726e-01
227	68100	1.02917898e+06	2.07325732e+03	4.67450996e+00	1.33354266e-04	2.60606098e+00	5.40847656e+03	1.41976135e+03	2.36380741e-01	2.29648514e+01	1.05882750e+01	-4.11430337e-02	1.41904820e-04	2.62650251e-01
228	68400	1.10125594e+06	2.07814478e+03	4.46256719e+00	1.33115080e-04	2.89917827e+00	5.41080371e+03	1.42163831e+03	2.38721833e-01	2.36389313e+01	1.09946928e+01	-3.12027056e-02	2.31898879e-03	2.62559533e-01
229	68700	1.08072632e+06	2.08299438e+03	4.42780950e+00	1.32444967e-04	2.94321704e+00	5.40618018e+03	1.41952612e+03	2.53107071e-01	2.32717896e+01	9.78170109e+00	-3.29932421e-02	2.62085651e-03	2.60621876e-01
230	69000	1.10336410e+06	2.08782837e+03	4.47922427e+00	1.32134374e-04	2.87766433e+00	5.40572314e+03	1.41952148e+03	2.35004961e-01	2.58943901e+01	1.02629995e+01	-4.41026948e-02	1.89455773e-03	2.61425138e-01
231	69300	1.17976629e+06	2.09266650e+03	4.32602237e+00	1.32778682e-04	3.06679344e+00	5.40643750e+03	1.42112378e+03	2.26496145e-01	2.50261478e+01	9.85657120e+00	-4.53936867e-02	2.86512566e-03	2.62215495e-01
232	69600	1.11858356e+06	2.09747900e+03	4.25187110e+00	1.32814715e-04	3.15201998e+00	5.41160400e+03	1.42353796e+03	2.17911303e-01	2.41389446e+01	1.01038904e+01	-4.37423438e-02	-8.09853547e-04	2.62086123e-01
233	69900	1.26157256e+06	2.10227368e+03	4.22615712e+00	1.33420624e-04	3.18069434e+00	5.41242871e+03	1.42025964e+03	3.12269121e-01	2.37072182e+01	1.01208477e+01	-4.06803973e-02	2.88794865e-03	2.62816519e-01
234	70200	1.10908071e+06	2.10705127e+03	4.53511335e+00	1.32551608e-04	2.80379653e+00	5.40705273e+03	1.41915161e+03	2.95772582e-01	2.54947758e+01	9.79650593e+00	-2.41998509e-02	4.38326318e-03	2.62168735e-01
235	70500	1.18814905e+06	2.11182153e+03	4.22129607e+00	1.32818259e-04	3.18608022e+00	5.40476611e+03	1.41834851e+03	2.65621990e-01	2.44065132e+01	1.03060789e+01	-4.56177890e-02	2.17739260e-03	2.60969311e-01
236	70800	1.34225032e+06	2.11659448e+03	4.48170403e+00	1.32778862e-04	2.87444901e+00	5.41100537e+03	1.41977917e+03	2.32839659e-01	2.34432621e+01	1.06027517e+01	-4.11321186e-02	2.42300704e-03	2.65079111e-01
237	71100	1.10795312e+06	2.12141284e+03	4.45904343e+00	1.32944224e-04	2.90368056e+00	5.40476953e+03	1.42309131e+03	2.06420124e-01	2.36279697e+01	1.15003901e+01	-4.00979184e-02	2.06527370e-03	2.64056474e-01
238	71400	1.27732936e+06	2.12616504e+03	4.41722875e+00	1.33571851e-04	2.95647860e+00	5.40917139e+03	1.42063062e+03	2.94861883e-01	2.30397739e+01	1.11625452e+01	-2.92349420e-02	1.71657326e-03	2.62427866e-01
239	71700	1.32057359e+06	2.13091943e+03	4.14378261e+00	1.33130572e-04	3.26975274e+00	5.41059180e+03	1.41860083e+03	2.86247820e-01	2.43382874e+01	1.03368883e+01	-4.52331491e-02	1.53251481e-03	2.62173951e-01
240	72000	1.36003644e+06	2.13567456e+03	4.40050839e+00	1.32573957e-04	2.97717381e+00	5.40866162e+03	1.42052734e+03	2.96195626e-01	2.49943848e+01	1.01866302e+01	-3.19692716e-02	1.23729277e-03	2.62710959e-01
241	72300	1.17939722e+06	2.14037915e+03	4.32873015e+00	1.32872644e-04	3.06358790e+00	5.40984277e+03	1.41984509e+03	2.18039677e-01	2.47978115e+01	1.00164299e+01	-2.99003590e-02	1.50956528e-03	2.62080312e-01
242	72600	1.22198900e+06	2.14507739e+03	3.90503079e+00	1.32928477e-04	3.50609899e+00	5.40885498e+03	1.42260303e+03	2.81820029e-01	2.38499851e+01	9.62756252e+00	-2.18801405e-02	4.55965614e-03	2.63745099e-01
243	72900	1.43365023e+06	2.14975464e+03	4.04186204e+00	1.33111961e-04	3.37439775e+00	5.41312354e+03	1.41849426e+03	2.71169633e-01	2.27890091e+01	1.08789253e+01	-2.21060831e-02	-2.69884360e-04	2.63211429e-01
244	73200	1.37157625e+06	2.15443848e+03	3.98348273e+00	1.33364556e-04	3.43176603e+00	5.40808691e+03	1.42073364e+03	3.43890548e-01	2.44078369e+01	1.02505217e+01	-3.11997943e-02	2.79089832e-03	2.63356626e-01
245	73500	1.37576390e+06	2.15912158e+03	3.74487468e+00	1.33012801e-04	3.64877772e+00	5.41315771e+03	1.42044824e+03	2.96041012e-01	2.45774364e+01	9.95813084e+00	-1.88727602e-02	5.05628716e-03	2.62656212e-01
246	73800	1.35876727e+06	2.16376489e+03	4.18610429e+00	1.32802473e-04	3.22450781e+00	5.40960938e+03	1.42208240e+03	2.44216606e-01	2.57647972e+01	1.02610607e+01	-1.75484847e-02	3.36886151e-03	2.64116704e-01
247	74100	1.45437969e+06	2.16839795e+03	3.54469408e+00	1.32888711e-04	3.81175852e+00	5.40859814e+03	1.41781580e+03	2.95990020e-01	2.40861149e+01	1.01588392e+01	-2.01087296e-02	1.20021729e-03	2.60752708e-01
248	74400	1.37564567e+06	2.17305835e+03	4.18637760e+00	1.33362920e-04	3.22425294e+00	5.40917188e+03	1.41952612e+03	2.71003455e-01	2.33800030e+01	1.03540115e+01	-2.45739631e-02	2.71307910e-03	2.62507319e-01
249	74700	1.53417215e+06	2.17771509e+03	4.44068981e+00	1.33062251e-04	2.92704272e+00	5.40958594e+03	1.41810901e+03	2.41260305e-01	2.48658085e+01	1.07255640e+01	-3.64929847e-02	1.47106522e-03	2.61980563e-01
250	75000	1.40993521e+06	2.18240063e+03	4.24186970e+00	1.32906952e-04	3.16322637e+00	5.40752637e+03	1.42036743e+03	1.98384836e-01	2.40394592e+01	1.11624231e+01	-2.92349383e-02	3.47146112e-03	2.62228429e-01
251	75300	1.26442108e+06	2.18710718e+03	4.29409587e+00	1.32992972e-04	3.10394645e+00	5.41062939e+03	1.42292358e+03	2.48697281e-01	2.38029060e+01	1.11013145e+01	-2.31670272e-02	2.88547715e-03	2.63850719e-01
252	75600	1.53240917e+06	2.19179053e+03	4.44290359e+00	1.32796763e-04	2.92424726e+00	5.41260254e+03	1.42094775e+03	2.34361872e-01	2.36153126e+01	1.01041746e+01	-1.75338779e-02	1.71891507e-03	2.63669252e-01
253	75900	1.51514431e+06	2.19642603e+03	4.08867187e+00	1.33504322e-04	3.32706904e+00	5.40335059e+03	1.42104688e+03	2.43302897e-01	2.43889694e+01	1.04995813e+01	-7.07734050e-03	1.70247280e-03	2.59697944e-01
254	76200	1.57454677e+06	2.20102393e+03	4.37793932e+00	1.32828833e-04	3.00476575e+00	5.40415088e+03	1.42105066e+03	2.24627301e-01	2.39895344e+01	1.06039038e+01	-2.19587032e-02	9.16082412e-04	2.62327552e-01
255	76500	1.49484429e+06	2.20558374e+03	4.25920441e+00	1.33219069e-04	3.14373636e+00	5.41693213e+03	1.42249512e+03	2.86976546e-01	2.30748520e+01	1.05494404e+01	-1.96782872e-02	2.17669131e-03	2.65428871e-01
256	76800	1.49724681e+06	2.21014331e+03	3.91202517e+00	1.33031401e-04	3.49958968e+00	5.40500488e+03	1.42144324e+03	1.99871063e-01	2.33723984e+01	9.95761013e+00	-1.96845345e-02	2.22044112e-03	2.63214082e-01
257	77100	1.85077221e+06	2.21466064e+03	3.88564833e+00	1.33056156e-04	3.52398968e+00	5.41172461e+03	1.42210913e+03	3.22042793e-01	2.43278828e+01	9.80178642e+00	-2.24371459e-02	-1.39489319e-04	2.64207572e-01
258	77400	1.55110133e+06	2.21920166e+03	4.32112972e+00	1.32738470e-04	3.07248855e+00	5.40784521e+03	1.42088696e+03	2.95159101e-01	2.48195190e+01	1.09229441e+01	-3.15120108e-02	2.04347656e-03	2.61957169e-01
259	77700	1.60997365e+06	2.22372778e+03	4.06021014e+00	1.32713547e-04	3.35597420e+00	5.40913965e+03	1.42191638e+03	2.45086476e-01	2.55570869e+01	1.14639826e+01	-2.09760871e-02	3.06112086e-03	2.61385649e-01
260	78000	1.68077499e+06	2.22822827e+03	4.37699254e+00	1.32929283e-04	3.00592279e+00	5.41060010e+03	1.42167871e+03	2.08636701e-01	2.32918339e+01	1.00822535e+01	-2.93628667e-02	2.62846821e-03	2.64403760e-01
261	78300	1.60122546e+06	2.23272876e+03	4.14493543e+00	1.32707361e-04	3.26853323e+00	5.40845801e+03	1.41928821e+03	2.66301900e-01	2.38336678e+01	1.00974836e+01	-2.10629199e-02	1.81370613e-03	2.63777256e-01
262	78600	1.80498177e+06	2.23721875e+03	4.20382326e+00	1.33220402e-04	3.20523930e+00	5.41251611e+03	1.42136011e+03	2.56086975e-01	2.86307278e+01	1.09867582e+01	-3.88429984e-02	6.05468871e-04	2.63049901e-01
263	78900	1.93392594e+06	2.24171436e+03	4.14376330e+00	1.32766294e-04	3.26976681e+00	5.41010986e+03	1.41898511e+03	2.33466908e-01	2.29969921e+01	1.05996923e+01	-3.09055243e-02	3.06104077e-03	2.61833340e-01
264	79200	1.75810135e+06	2.24618042e+03	4.24146419e+00	1.33129754e-04	3.16365647e+00	5.41599023e+03	1.41744324e+03	2.47518733e-01	2.56765804e+01	1.06341362e+01	-2.56375764e-02	5.16062556e-03	2.64222592e-01
265	79500	1.56885507e+06	2.25065332e+03	4.21424066e+00	1.33043218e-04	3.19380999e+00	5.40433984e+03	1.42144373e+03	2.66210228e-01	2.35327225e+01	1.00991888e+01	-3.39042395e-02	1.11952110e-03	2.59923011e-01
266	79800	1.82826500e+06	2.25511206e+03	3.88539099e+00	1.33255008e-04	3.52421927e+00	5.41440576e+03	1.42007605e+03	2.43439034e-01	2.52843323e+01	1.04547911e+01	-2.63452027e-02	2.59375013e-03	2.66155690e-01
267	80100	1.46370456e+06	2.25951562e+03	4.34903039e+00	1.33117995e-04	3.03951311e+00	5.40543652e+03	1.42173242e+03	2.41444513e-01	2.70115395e+01	1.06323366e+01	-2.77509894e-02	3.41631332e-03	2.62123436e-01
268	80400	1.70827150e+06	2.26391992e+03	4.07224745e+00	1.33251500e-04	3.34381580e+00	5.41150488e+03	1.41859814e+03	3.34997773e-01	2.53196220e+01	1.00163536e+01	-3.15952897e-02	-8.22037691e-04	2.64330238e-01
269	80700	1.76954406e+06	2.26836108e+03	4.41335498e+00	1.32689795e-04	2.96125889e+00	5.41112402e+03	1.42418726e+03	2.62323529e-01	2.31817055e+01	1.05792522e+01	-2.59044245e-02	1.20278250e-03	2.62884259e-01
270	81000	1.78200979e+06	2.27276782e+03	3.98501287e+00	1.33133603e-04	3.43028426e+00	5.40654297e+03	1.41681689e+03	3.10771346e-01	2.32797165e+01	1.05123014e+01	-3.05989273e-02	1.71422970e-03	2.59998053e-01
271	81300	1.76122025e+06	2.27717188e+03	4.44868905e+00	1.32750815e-04	2.91686082e+00	5.40654688e+03	1.42135156e+03	2.65597671e-01	2.35440636e+01	1.03533325e+01	-3.48973759e-02	2.78860889e-03	2.63895512e-01
272	81600	1.75472740e+06	2.28158447e+03	4.27122661e+00	1.32663692e-04	3.13009858e+00	5.40527393e+03	1.41773315e+03	2.92107552e-01	2.34319153e+01	1.01464930e+01	-1.86609738e-02	1.93732837e-03	2.63112038e-01
273	81900	1.83647794e+06	2.28599072e+03	4.21987868e+00	1.32480374e-04	3.18763161e+00	5.40572705e+03	1.41875513e+03	2.12527394e-01	2.56959190e+01	1.03325987e+01	-2.58608516e-02	1.97674162e-04	2.62268931e-01
274	82200	1.94432675e+06	2.29041699e+03	3.59199622e+00	1.33028392e-04	3.77469492e+00	5.40474023e+03	1.42012219e+03	2.83460110e-01	2.36793861e+01	1.04635057e+01	-2.85455082e-02	4.26731445e-03	2.61970729e-01
275	82500	1.82345892e+06	2.29478857e+03	3.89431345e+00	1.33154491e-04	3.51600242e+00	5.40938135e+03	1.41901978e+03	3.37346464e-01	2.34640522e+01	1.03084021e+01	-2.73699649e-02	5.35931392e-03	2.64623344e-01
276	82800	1.79615577e+06	2.29916089e+03	4.18790946e+00	1.32676989e-04	3.22257662e+00	5.40965967e+03	1.42195337e+03	2.85237372e-01	2.39907875e+01	1.09986725e+01	-3.54918875e-02	-2.14869346e-04	2.61426598e-01
277	83100	1.81010808e+06	2.30352197e+03	3.77290713e+00	1.33404962e-04	3.62462139e+00	5.41193311e+03	1.42349146e+03	3.00881535e-01	2.44793415e+01	1.12948761e+01	-2.91618966e-02	2.33774027e-03	2.62381285e-01
278	83400	1.68273219e+06	2.30787329e+03	3.92938760e+00	1.33420636e-04	3.48332906e+00	5.41288770e+03	1.42132068e+03	2.63240248e-01	2.37012367e+01	1.06607676e+01	-2.10126173e-02	1.94917549e-03	2.62688726e-01
279	83700	1.59470638e+06	2.31221216e+03	3.98035502e+00	1.32632293e-04	3.43478632e+00	5.40367432e+03	1.42158142e+03	2.48862267e-01	2.36003323e+01	9.98754597e+00	-1.84390899e-02	3.25722178e-03	2.60845244e-01
280	84000	1.78595783e+06	2.31657520e+03	3.52815992e+00	1.32147355e-04	3.82454515e+00	5.40522607e+03	1.42215649e+03	3.32594603e-01	2.33930740e+01	1.06379261e+01	-3.21757942e-02	1.28929061e-03	2.63529450e-01
281	84300	1.65733638e+06	2.32090723e+03	4.09088403e+00	1.32693071e-04	3.32478833e+00	5.40509912e+03	1.41822681e+03	3.01252395e-01	2.54455814e+01	1.03128481e+01	-2.22844519e-02	2.24606390e-03	2.61651814e-01
282	84600	1.81115781e+06	2.32525171e+03	4.50720795e+00	1.33170636e-04	2.84104156e+00	5.40638037e+03	1.42020264e+03	1.90196201e-01	2.49812756e+01	1.00964317e+01	-3.75135355e-02	4.33407491e-03	2.61594146e-01
283	84900	1.73990490e+06	2.32955933e+03	4.62817979e+00	1.33401155e-04	2.67407179e+00	5.40484424e+03	1.41959045e+03	2.14939773e-01	2.34361134e+01	1.02396355e+01	-2.81659476e-02	3.95518914e-03	2.63462275e-01
284	85200	1.66970792e+06	2.33388159e+03	4.50095506e+00	1.33732484e-04	2.84929013e+00	5.40482715e+03	1.42025549e+03	2.48622760e-01	2.62668953e+01	1.00120659e+01	-3.11596580e-02	5.90732321e-04	2.63604760e-01
285	85500	1.92254677e+06	2.33818921e+03	4.45500678e+00	1.32157322e-04	2.90886569e+00	5.40773486e+03	1.42227234e+03	1.97902635e-01	2.38060379e+01	1.03573580e+01	-3.40592600e-02	2.38117203e-03	2.60423750e-01
286	85800	1.96185692e+06	2.34253784e+03	4.39032807e+00	1.33303722e-04	2.98964238e+00	5.40541113e+03	1.42311523e+03	2.82076001e-01	2.39632168e+01	1.01783228e+01	-3.63557488e-02	3.41715966e-03	2.59994984e-01
287	86100	1.87781812e+06	2.34688696e+03	4.49380686e+00	1.32960545e-04	2.85869312e+00	5.41012939e+03	1.42113318e+03	2.32067764e-01	2.46558342e+01	9.72497940e+00	-3.14615071e-02	4.56064334e-03	2.63250142e-01
288	86400	1.69213011e+06	2.35119971e+03	4.61475161e+00	1.32386909e-04	2.69333863e+00	5.40748926e+03	1.41963403e+03	1.84300259e-01	2.42375908e+01	1.02104750e+01	-2.84001939e-02	7.13427144e-04	2.59731174e-01
289	86700	1.99989546e+06	2.35551367e+03	3.98598272e+00	1.32771913e-04	3.42933750e+00	5.40365820e+03	1.41999194e+03	2.38612577e-01	2.46960068e+01	1.11985273e+01	-2.87770126e-02	1.73726818e-03	2.62687624e-01
290	87000	2.07611238e+06	2.35982251e+03	4.23940815e+00	1.32938879e-04	3.16599083e+00	5.41179785e+03	1.42024573e+03	2.51741737e-01	2.26630020e+01	1.09437323e+01	-2.88695283e-02	-2.53694336e-04	2.66888380e-01
291	87300	1.89310223e+06	2.36412866e+03	4.45412888e+00	1.33022078e-04	2.90994334e+00	5.40474707e+03	1.41976160e+03	2.85862595e-01	2.52564087e+01	1.04239941e+01	-3.16689275e-02	3.35794059e-03	2.62219638e-01
292	87600	1.89967654e+06	2.36845020e+03	4.37487252e+00	1.32929542e-04	3.00848007e+00	5.40934033e+03	1.42081177e+03	2.17348173e-01	2.43156281e+01	1.03440418e+01	-3.01401876e-02	2.79061310e-03	2.62132138e-01
293	87900	1.95877100e+06	2.37275195e+03	4.35666203e+00	1.33171003e-04	3.03040242e+00	5.40963135e+03	1.41928943e+03	2.27902338e-01	2.42579002e+01	9.98737621e+00	-2.98217535e-02	-8.36608757e-04	2.62205541e-01
294	88200	1.92954462e+06	2.37704712e+03	4.34054021e+00	1.32534743e-04	3.04966640e+00	5.41481787e+03	1.41834888e+03	2.27436289e-01	2.39754467e+01	9.75670433e+00	-2.78162714e-02	1.57843242e-04	2.64620513e-01
295	88500	1.93728169e+06	2.38135376e+03	4.28478099e+00	1.32849648e-04	3.11462307e+00	5.40984717e+03	1.41897192e+03	2.62637705e-01	2.37026863e+01	1.06588697e+01	-2.18192656e-02	3.56165110e-03	2.61906147e-01
296	88800	1.97920662e+06	2.38564404e+03	4.55105214e+00	1.32962018e-04	2.78216505e+00	5.40048389e+03	1.41926465e+03	2.44525626e-01	2.31890545e+01	9.47318268e+00	-3.57097201e-02	1.43979630e-03	2.58108467e-01
297	89100	1.89517440e+06	2.38993286e+03	4.38373237e+00	1.32598002e-04	2.99770451e+00	5.40331104e+03	1.42115540e+03	2.22890303e-01	2.23098202e+01	1.00820799e+01	-3.76344509e-02	1.09364255e-03	2.60567129e-01
298	89400	1.92224479e+06	2.39421924e+03	4.23100188e+00	1.32517774e-04	3.17533684e+00	5.40572803e+03	1.42384314e+03	2.43396714e-01	2.34124546e+01	1.01432037e+01	-2.94363089e-02	5.10527659e-03	2.63445765e-01
299	89700	1.95526831e+06	2.39851245e+03	4.39502844e+00	1.34215202e-04	2.98388839e+00	5.40785693e+03	1.42014563e+03	2.63060093e-01	2.30875740e+01	9.92472363e+00	-2.94301938e-02	1.74751307e-03	2.62616009e-01
300	90000	1.91037117e+06	2.40283594e+03	4.08847512e+00	1.32825895e-04	3.32727122e+00	5.40628564e+03	1.42057361e+03	2.86979795e-01	2.35418701e+01	1.06095562e+01	-2.50153504e-02	4.12075967e-03	2.62224644e-01
301	90300	2.03829023e+06	2.40710547e+03	4.49169764e+00	1.33064875e-04	2.86145568e+00	5.41336914e+03	1.41895312e+03	2.87609130e-01	2.38085213e+01	9.57989311e+00	-3.91504206e-02	1.13925349e-03	2.63104260e-01
302	90600	1.98655721e+06	2.41133325e+03	4.42587005e+00	1.32755929e-04	2.94566536e+00	5.40811035e+03	1.42067163e+03	2.13329673e-01	2.38729916e+01	1.03708162e+01	-2.52609346e-02	1.81085640e-03	2.60896087e-01
303	90900	1.88314856e+06	2.41560449e+03	4.38332177e+00	1.32271670e-04	2.99819708e+00	5.41108350e+03	1.42036328e+03	3.13138902e-01	2.41963081e+01	1.02340307e+01	-2.84498800e-02	2.82799872e-03	2.62281597e-01
304	91200	1.82485683e+06	2.41980469e+03	4.38917892e+00	1.32449472e-04	2.99108458e+00	5.40988672e+03	1.42086438e+03	2.77240127e-01	2.43799934e+01	9.75861740e+00	-2.96302419e-02	1.65860099e-03	2.63940811e-01
305	91500	2.01743158e+06	2.42399390e+03	4.02995462e+00	1.32738545e-04	3.38623977e+00	5.41185889e+03	1.42043982e+03	4.39116687e-01	2.37536659e+01	1.06949053e+01	-3.32972743e-02	3.37381940e-03	2.63106644e-01
306	91800	1.80136083e+06	2.42818311e+03	4.40207088e+00	1.32768757e-04	2.97522140e+00	5.40687549e+03	1.41891797e+03	3.20407897e-01	2.45362797e+01	1.00942507e+01	-3.26040573e-02	5.14527550e-03	2.60671735e-01
307	92100	2.08934271e+06	2.43235522e+03	4.49074372e+00	1.32809470e-04	2.86268139e+00	5.40787402e+03	1.41923865e+03	3.26358110e-01	2.30953598e+01	1.06950083e+01	-4.33605760e-02	1.46775076e-03	2.63860404e-01
308	92400	1.97342356e+06	2.43649023e+03	4.64370295e+00	1.32667683e-04	2.65154934e+00	5.40583154e+03	1.41793848e+03	2.06548572e-01	2.40708122e+01	9.49861336e+00	-4.38637100e-02	9.72799491e-04	2.60324538e-01
309	92700	2.41896262e+06	2.44058057e+03	4.43881024e+00	1.33344517e-04	2.92938852e+00	5.40589502e+03	1.42085815e+03	2.69150794e-01	2.38621235e+01	1.02942667e+01	-4.24813516e-02	1.53225788e-03	2.62719631e-01
310	93000	1.65297219e+06	2.44466968e+03	4.34081128e+00	1.33205830e-04	3.04931378e+00	5.41123389e+03	1.42002734e+03	2.55321175e-01	2.43985882e+01	1.05891914e+01	-3.66314761e-02	-1.23933633e-03	2.61395514e-01
311	93300	1.98855212e+06	2.44874878e+03	4.38326568e+00	1.32552102e-04	2.99831724e+00	5.40758740e+03	1.41836829e+03	3.95830512e-01	2.44398994e+01	1.06059437e+01	-2.48943400e-02	2.55135493e-03	2.61210531e-01
312	93600	1.94389490e+06	2.45280957e+03	4.61587038e+00	1.33374029e-04	2.69169736e+00	5.40622168e+03	1.42089746e+03	3.01439971e-01	2.32075386e+01	1.11615725e+01	-3.62472199e-02	4.17990424e-03	2.62136191e-01
313	93900	1.95231333e+06	2.45686646e+03	4.35233949e+00	1.33590805e-04	3.03555083e+00	5.40603027e+03	1.42133875e+03	2.59056807e-01	2.57272987e+01	1.00446777e+01	-3.99063155e-02	4.09605773e-03	2.62586087e-01
314	94200	2.24008621e+06	2.46095825e+03	4.21307790e+00	1.33012576e-04	3.19512963e+00	5.40791357e+03	1.41994165e+03	3.13007504e-01	2.38621998e+01	1.13477697e+01	-2.80026160e-02	1.40020670e-03	2.61982411e-01
315	94500	1.99932604e+06	2.46503052e+03	4.36986454e+00	1.32828294e-04	3.01449704e+00	5.40521338e+03	1.41936670e+03	2.65654385e-01	2.52836571e+01	1.07558107e+01	-2.58999132e-02	9.65432730e-04	2.60727197e-01
316	94800	2.05816750e+06	2.46907715e+03	4.44971245e+00	1.32534525e-04	2.91556144e+00	5.40701123e+03	1.42062463e+03	2.84542650e-01	2.37857437e+01	1.03262854e+01	-2.64298506e-02	2.06662342e-03	2.62418598e-01
317	95100	2.26666031e+06	2.47311914e+03	4.51456702e+00	1.33054850e-04	2.83124423e+00	5.40438721e+03	1.42268286e+03	2.74266511e-01	2.37139225e+01	1.00485392e+01	-2.63096429e-02	3.08481860e-03	2.62000591e-01
318	95400	2.18639783e+06	2.47714697e+03	4.66613035e+00	1.33342835e-04	2.61852098e+00	5.40892285e+03	1.41877136e+03	2.46536538e-01	2.45477028e+01	1.03256340e+01	-4.02947590e-02	2.47929897e-03	2.62254983e-01
319	95700	2.15777104e+06	2.48118237e+03	4.07387846e+00	1.33093031e-04	3.34219027e+00	5.40904541e+03	1.42056128e+03	2.69396961e-01	2.54986382e+01	1.03801870e+01	-2.31064484e-02	1.43368552e-05	2.63249695e-01
320	96000	1.78613298e+06	2.48521460e+03	4.24464220e+00	1.32883055e-04	3.16011953e+00	5.40541113e+03	1.41827124e+03	2.46222675e-01	2.53073044e+01	1.05843897e+01	-1.93017144e-02	3.34777310e-03	2.60285884e-01
321	96300	2.21984471e+06	2.48928687e+03	4.28224378e+00	1.33707323e-04	3.11753726e+00	5.41093018e+03	1.42281506e+03	2.18276545e-01	2.38021965e+01	1.03339043e+01	-2.99090501e-02	2.43495428e-03	2.63655782e-01
322	96600	2.28135956e+06	2.49336938e+03	4.13416068e+00	1.33303518e-04	3.27990079e+00	5.41219971e+03	1.42269080e+03	2.67685860e-01	2.43980770e+01	1.00160971e+01	-3.08632273e-02	5.71527053e-04	2.64893532e-01
323	96900	2.13336850e+06	2.49740869e+03	4.22001161e+00	1.33436533e-04	3.18745661e+00	5.41574170e+03	1.42224597e+03	2.78542072e-01	2.40790615e+01	9.67672253e+00	-3.07010133e-02	3.23109538e-03	2.66826987e-01
324	97200	2.32077631e+06	2.50145337e+03	4.34077092e+00	1.33064595e-04	3.04934955e+00	5.41557666e+03	1.42307605e+03	2.19506964e-01	2.39821224e+01	1.06111288e+01	-3.04215234e-02	8.34136736e-04	2.64822781e-01
325	97500	2.35110094e+06	2.50546289e+03	4.22768914e+00	1.32600459e-04	3.17899489e+00	5.40762842e+03	1.41866626e+03	3.01157236e-01	2.54813633e+01	1.11617785e+01	-2.42555533e-02	-1.08423014e-03	2.62888819e-01
326	97800	2.18190848e+06	2.50948682e+03	4.45440441e+00	1.32829619e-04	2.90962029e+00	5.40201855e+03	1.42054871e+03	1.79685548e-01	2.34928551e+01	9.91794586e+00	-2.64511351e-02	3.23276152e-03	2.62274176e-01
327	98100	2.18636688e+06	2.51348267e+03	4.45970908e+00	1.32598973e-04	2.90278816e+00	5.40923633e+03	1.42031836e+03	3.10241789e-01	2.43419437e+01	1.04109488e+01	-4.10751514e-02	8.31434736e-04	2.63331205e-01
328	98400	2.39709038e+06	2.51747778e+03	4.30982424e+00	1.32574899e-04	3.08569908e+00	5.41071973e+03	1.42187048e+03	2.85687655e-01	2.28585415e+01	9.96197414e+00	-2.73555424e-02	2.76490720e-03	2.61063427e-01
329	98700	2.07997962e+06	2.52142554e+03	4.45128260e+00	1.33600034e-04	2.91354895e+00	5.40971631e+03	1.42028333e+03	3.32433701e-01	2.39945412e+01	1.03827400e+01	-3.20648775e-02	2.07075058e-03	2.63715118e-01
330	99000	2.25132025e+06	2.52537939e+03	4.35207639e+00	1.33502600e-04	3.03590679e+00	5.41498975e+03	1.42372791e+03	2.22249314e-01	2.56783905e+01	1.04451818e+01	-2.11606678e-02	2.05809876e-04	2.62641817e-01
331	99300	2.41673629e+06	2.52934717e+03	4.39147633e+00	1.33299378e-04	2.98825932e+00	5.40822949e+03	1.42215674e+03	3.38453293e-01	2.59203682e+01	9.93972683e+00	-2.45598666e-02	1.06089725e-03	2.63554275e-01
332	99600	2.28891131e+06	2.53331055e+03	4.24310915e+00	1.32902554e-04	3.16181612e+00	5.40864355e+03	1.42245264e+03	3.66376311e-01	2.32323570e+01	1.15933075e+01	-2.22475845e-02	1.36431132e-04	2.62299001e-01
333	99900	2.57317233e+06	2.53729712e+03	4.35950739e+00	1.33062693e-04	3.02697396e+00	5.40809668e+03	1.42117517e+03	2.68960446e-01	2.45834675e+01	1.12171526e+01	-3.12252380e-02	-1.19200430e-03	2.63166726e-01
334	100200	2.43659494e+06	2.54129248e+03	4.13485943e+00	1.33134925e-04	3.27914190e+00	5.40220703e+03	1.41847449e+03	3.04461092e-01	2.51926804e+01	9.56489086e+00	-2.14226637e-02	3.15795676e-03	2.61661053e-01
335	100500	2.47937690e+06	2.54526611e+03	4.17256459e+00	1.33018047e-04	3.23907447e+00	5.40417139e+03	1.42041028e+03	2.92522728e-01	2.30336189e+01	1.12655706e+01	-2.44600177e-02	2.94590672e-03	2.58117825e-01
336	100800	2.63564217e+06	2.54920679e+03	4.48636926e+00	1.32919882e-04	2.86841393e+00	5.40863721e+03	1.41971472e+03	3.16846848e-01	2.76312561e+01	1.05204601e+01	-2.66703889e-02	2.57291947e-03	2.63649195e-01
337	101100	2.69629129e+06	2.55316333e+03	4.16308947e+00	1.32627986e-04	3.24924445e+00	5.41133594e+03	1.41821326e+03	3.04123193e-01	2.50762539e+01	1.09226723e+01	-2.38874499e-02	1.38591998e-03	2.63668239e-01
338	101400	2.64809792e+06	2.55708472e+03	4.34765357e+00	1.33485601e-04	3.04117560e+00	5.40256299e+03	1.42007202e+03	2.71605819e-01	2.43711662e+01	1.02621212e+01	-3.03857960e-02	2.11112434e-03	2.62654454e-01
339	101700	2.73101558e+06	2.56098071e+03	4.10619844e+00	1.33644531e-04	3.30904746e+00	5.41489258e+03	1.41999707e+03	3.27741593e-01	2.30963230e+01	1.09173479e+01	-1.77118778e-02	2.11154344e-03	2.63109505e-01
340	102000	2.85202646e+06	2.56488599e+03	4.19537317e+00	1.33311292e-04	3.21446443e+00	5.40975098e+03	1.42264844e+03	2.96646327e-01	2.30422268e+01	1.15095825e+01	-2.38027554e-02	5.71481511e-03	2.62698203e-01
341	102300	2.61081621e+06	2.56880054e+03	4.08928468e+00	1.33035319e-04	3.32645249e+00	5.41497461e+03	1.42045276e+03	3.49526733e-01	2.33147621e+01	1.11704035e+01	-2.24337820e-02	1.77252025e-03	2.62613565e-01
342	102600	2.55713442e+06	2.57271191e+03	4.07746605e+00	1.33505902e-04	3.33850217e+00	5.40771826e+03	1.41810303e+03	3.51991087e-01	2.31127911e+01	1.02259216e+01	-2.51045581e-02	1.92312559e-03	2.63996691e-01
343	102900	2.65999062e+06	2.57660596e+03	3.98616257e+00	1.32881789e-04	3.42915845e+00	5.40361865e+03	1.41914502e+03	3.18560898e-01	2.34201717e+01	1.08453674e+01	-2.49108896e-02	3.53293936e-03	2.61595726e-01
344	103200	2.67052762e+06	2.58050415e+03	4.04986573e+00	1.33732671e-04	3.36640525e+00	5.40763428e+03	1.42019617e+03	3.29527974e-01	2.33468208e+01	1.06107941e+01	-2.97950171e-02	3.63633595e-03	2.62677133e-01
345	103500	2.83564217e+06	2.58440137e+03	4.27929870e+00	1.32412699e-04	3.12091351e+00	5.40844385e+03	1.41986926e+03	2.33786061e-01	2.41479111e+01	9.62111568e+00	-2.80748550e-02	4.29179147e-03	2.62695760e-01
346	103800	2.47351485e+06	2.58828442e+03	4.03961213e+00	1.33401076e-04	3.37662840e+00	5.40090918e+03	1.41909790e+03	2.70412773e-01	2.66954231e+01	9.83697033e+00	-2.27797851e-02	3.86309391e-03	2.61167645e-01
347	104100	2.42513756e+06	2.59214771e+03	4.42542285e+00	1.33157409e-04	2.94619751e+00	5.40482178e+03	1.42033191e+03	3.07080895e-01	2.32825909e+01	1.03446388e+01	-2.97619756e-02	1.91747362e-03	2.61244506e-01
348	104400	2.66301956e+06	2.59604150e+03	4.05756233e+00	1.32625759e-04	3.35864425e+00	5.40360547e+03	1.42207092e+03	2.59729773e-01	2.38779736e+01	1.03874426e+01	-2.97292471e-02	2.42041540e-03	2.61271983e-01
349	104700	2.19943267e+06	2.59988867e+03	3.96670631e+00	1.33737457e-04	3.44790220e+00	5.41417236e+03	1.42093042e+03	3.33318144e-01	2.57528648e+01	1.12852869e+01	-2.18110085e-02	2.34460970e-03	2.63408601e-01
350	105000	2.27228410e+06	2.60376440e+03	3.93894247e+00	1.33065688e-04	3.47433114e+00	5.40691504e+03	1.42112402e+03	3.06758434e-01	2.50089970e+01	9.70203972e+00	-2.20540222e-02	2.81369314e-03	2.61542141e-01
351	105300	2.41710829e+06	2.60763135e+03	4.12143252e+00	1.33062977e-04	3.29320621e+00	5.40996875e+03	1.42166187e+03	3.94710541e-01	2.37437592e+01	1.03794231e+01	-2.34490745e-02	2.29145656e-03	2.62662411e-01
352	105600	2.33806498e+06	2.61145557e+03	4.22441945e+00	1.33028334e-04	3.18264103e+00	5.40965967e+03	1.41944836e+03	2.58598536e-01	2.39807568e+01	1.00933638e+01	-2.99051329e-02	-2.35150475e-03	2.62093753e-01
353	105900	2.08514602e+06	2.61529956e+03	4.38377906e+00	1.32832832e-04	2.99763751e+00	5.40673340e+03	1.41925415e+03	2.63900608e-01	2.32544537e+01	1.00370216e+01	-2.72826515e-02	3.09302378e-03	2.63109356e-01
354	106200	1.88340669e+06	2.61911572e+03	4.48232496e+00	1.32849084e-04	2.87361121e+00	5.40626953e+03	1.41887292e+03	2.99021244e-01	2.39848957e+01	9.62447643e+00	-2.48413067e-02	-5.49347489e-04	2.61761516e-01
355	106500	2.31625396e+06	2.62292114e+03	4.43003542e+00	1.32806469e-04	2.94041085e+00	5.40823535e+03	1.41775513e+03	2.93005675e-01	2.38332291e+01	9.85952759e+00	-2.82096267e-02	3.11976695e-03	2.61184543e-01
356	106800	2.29834567e+06	2.62672339e+03	4.20602594e+00	1.32653251e-04	3.20284700e+00	5.41268848e+03	1.42255042e+03	2.73408085e-01	2.46688728e+01	1.11436090e+01	-3.33343931e-02	1.35278376e-03	2.64744282e-01
357	107100	2.37082533e+06	2.63053174e+03	4.07470209e+00	1.33736386e-04	3.34133506e+00	5.41347314e+03	1.42183923e+03	2.73601025e-01	2.43923225e+01	9.92773342e+00	-2.72078197e-02	1.50398421e-03	2.63109505e-01
358	107400	2.36734479e+06	2.63435962e+03	4.05517074e+00	1.33152928e-04	3.36106682e+00	5.41120703e+03	1.41945703e+03	2.27493986e-01	2.57307701e+01	1.02508383e+01	-2.63168477e-02	7.71350169e-04	2.64024764e-01
359	107700	2.35518669e+06	2.63816895e+03	4.20164969e+00	1.31986391e-04	3.20765042e+00	5.40651221e+03	1.41964722e+03	2.92395473e-01	2.51062927e+01	1.05558634e+01	-3.25712450e-02	1.11967139e-03	2.61646718e-01
360	108000	2.45778223e+06	2.64197803e+03	3.91182749e+00	1.32655272e-04	3.49976993e+00	5.40739990e+03	1.41932434e+03	3.43629628e-01	2.38468781e+01	1.04496603e+01	-2.15688106e-02	1.54207950e-03	2.64710099e-01
361	108300	2.20131333e+06	2.64578613e+03	4.56531022e+00	1.32895879e-04	2.76264191e+00	5.40956201e+03	1.41995361e+03	3.11827809e-01	2.36839962e+01	1.02401628e+01	-2.43668649e-02	3.49360518e-03	2.62112081e-01
362	108600	2.36133735e+06	2.64959570e+03	4.29827700e+00	1.32885570e-04	3.09911418e+00	5.41015527e+03	1.42351147e+03	2.47210920e-01	2.30500259e+01	1.09259291e+01	-2.57371981e-02	3.52918357e-03	2.61316448e-01
363	108900	2.62080071e+06	2.65342798e+03	3.97641537e+00	1.33229419e-04	3.43855548e+00	5.41050732e+03	1.42071106e+03	2.62067556e-01	2.31368637e+01	1.11614580e+01	-2.02066004e-02	2.90164980e-03	2.65119612e-01
364	109200	2.77079660e+06	2.65721558e+03	4.21045814e+00	1.33267042e-04	3.19798565e+00	5.41141797e+03	1.42050330e+03	2.95294672e-01	2.29513283e+01	1.01914587e+01	-3.46408337e-02	3.08676576e-03	2.60987669e-01
365	109500	2.58227525e+06	2.66098291e+03	4.12944670e+00	1.33283074e-04	3.28484821e+00	5.41389551e+03	1.42223499e+03	3.38622540e-01	2.27420387e+01	1.04089127e+01	-2.97376532e-02	2.69698241e-04	2.63888389e-01
366	109800	2.27367485e+06	2.66476904e+03	3.76046988e+00	1.33398625e-04	3.63540435e+00	5.41174854e+03	1.42092944e+03	2.73460716e-01	2.26683502e+01	1.17172976e+01	-2.23915912e-02	3.59266734e-04	2.62695134e-01
367	110100	2.64906933e+06	2.66854224e+03	3.89500067e+00	1.33273282e-04	3.51537633e+00	5.40787256e+03	1.42027344e+03	3.06631416e-01	2.32508793e+01	1.02469625e+01	-2.91370787e-02	4.04132018e-03	2.60956854e-01
368	110400	2.40105973e+06	2.67229858e+03	4.07868981e+00	1.33511723e-04	3.33723974e+00	5.41350293e+03	1.42203625e+03	2.71623701e-01	2.37884502e+01	1.08732796e+01	-3.02970354e-02	2.34207255e-03	2.64397532e-01
369	110700	2.42804433e+06	2.67608472e+03	4.38256415e+00	1.33422151e-04	2.99914026e+00	5.40867236e+03	1.42047778e+03	2.57974327e-01	2.41130619e+01	1.10166178e+01	-2.71524526e-02	3.24311573e-03	2.61453271e-01