# Step number	Training point count	Average loss	l2 from origin	Honest gradient deviation	Attack gradient deviation	Honest gradient norm	Attack gradient norm	Defense gradient norm	Honest max coordinate	Attack max coordinate	Defense max coordinate	Honest-attack cosine	Honest-defense cosine	Attack-defense cosine
0	0	2.31871555e+00	0.00000000e+00	1.42214820e+00	nan	8.38777959e-01	nan	8.38777959e-01	5.74765541e-02	nan	5.74765541e-02	nan	1.00002325e+00	nan
1	275	2.31825460e+00	8.38776864e-03	1.37794014e+00	nan	8.13054383e-01	nan	8.13054383e-01	5.42693287e-02	nan	5.42693287e-02	nan	1.00002408e+00	nan
2	550	2.30163689e+00	2.20526960e-02	1.34362217e+00	nan	7.23452747e-01	nan	7.23452747e-01	5.15690222e-02	nan	5.15690222e-02	nan	1.00002658e+00	nan
3	825	2.29446173e+00	4.05047126e-02	1.39803939e+00	nan	8.10531020e-01	nan	8.10531020e-01	4.53441292e-02	nan	4.53441292e-02	nan	1.00002384e+00	nan
4	1100	2.29421466e+00	6.27190396e-02	1.37747899e+00	nan	8.43021691e-01	nan	8.43021691e-01	4.69298586e-02	nan	4.69298586e-02	nan	1.00002265e+00	nan
5	1375	2.27335015e+00	8.93770084e-02	1.47580337e+00	nan	8.33179474e-01	nan	8.33179474e-01	5.24570234e-02	nan	5.24570234e-02	nan	1.00002623e+00	nan
6	1650	2.24340898e+00	1.19602896e-01	1.36815490e+00	nan	7.57129133e-01	nan	7.57129133e-01	4.48905304e-02	nan	4.48905304e-02	nan	1.00002623e+00	nan
7	1925	2.22872920e+00	1.52988434e-01	1.37082810e+00	nan	7.82416463e-01	nan	7.82416463e-01	4.04130071e-02	nan	4.04130071e-02	nan	1.00002587e+00	nan
8	2200	2.20820830e+00	1.88690320e-01	1.32575857e+00	nan	7.44538546e-01	nan	7.44538546e-01	4.03333306e-02	nan	4.03333306e-02	nan	1.00002623e+00	nan
9	2475	2.18257323e+00	2.25529730e-01	1.39519146e+00	nan	7.55991399e-01	nan	7.55991399e-01	5.04129417e-02	nan	5.04129417e-02	nan	1.00002730e+00	nan
10	2750	2.16143298e+00	2.64226556e-01	1.57626684e+00	nan	8.24231505e-01	nan	8.24231505e-01	4.05098647e-02	nan	4.05098647e-02	nan	1.00004220e+00	nan